-0.486,-0.881,8.284,0.0
-0.486875,-0.88128125,8.28459375,0.0
-0.48775,-0.8815625,8.285187500000001,0.0
-0.488625,-0.88184375,8.285781250000001,0.0
-0.4895,-0.882125,8.286375000000001,0.0
-0.490375,-0.8824062500000001,8.286968750000002,0.0
-0.49124999999999996,-0.8826875,8.2875625,0.0
-0.492125,-0.88296875,8.28815625,0.0
-0.493,-0.88325,8.28875,0.0
-0.493875,-0.88353125,8.28934375,0.0
-0.49475,-0.8838125,8.2899375,0.0
-0.495625,-0.88409375,8.29053125,0.0
-0.4965,-0.884375,8.291125000000001,0.0
-0.497375,-0.88465625,8.291718750000001,0.0
-0.49824999999999997,-0.8849375,8.292312500000001,0.0
-0.499125,-0.88521875,8.292906250000001,0.0
-0.5,-0.8855,8.293500000000002,0.0
-0.500875,-0.88578125,8.29409375,0.0
-0.50175,-0.8860625,8.2946875,0.0
-0.502625,-0.88634375,8.29528125,0.0
-0.5035000000000001,-0.886625,8.295875,0.0
-0.504375,-0.88690625,8.29646875,0.0
-0.50525,-0.8871875,8.297062500000001,0.0
-0.506125,-0.88746875,8.297656250000001,0.0
-0.507,-0.88775,8.298250000000001,0.0
-0.507875,-0.88803125,8.298843750000001,0.0
-0.50875,-0.8883125000000001,8.299437500000002,0.0
-0.509625,-0.88859375,8.30003125,0.0
-0.5105,-0.888875,8.300625,0.0
-0.511375,-0.88915625,8.30121875,0.0
-0.51225,-0.8894375,8.3018125,0.0
-0.513125,-0.88971875,8.30240625,0.0
-0.514,-0.89,8.303,0.0
-0.5155000000000001,-0.89046875,8.3045,0.0
-0.517,-0.8909375,8.306000000000001,0.0
-0.5185,-0.8914062500000001,8.307500000000001,0.0
-0.52,-0.891875,8.309000000000001,0.0
-0.5215000000000001,-0.89234375,8.310500000000001,0.0
-0.523,-0.8928125,8.312000000000001,0.0
-0.5245,-0.89328125,8.313500000000001,0.0
-0.526,-0.89375,8.315000000000001,0.0
-0.5275000000000001,-0.8942187500000001,8.316500000000001,0.0
-0.529,-0.8946875,8.318000000000001,0.0
-0.5305,-0.89515625,8.319500000000001,0.0
-0.532,-0.895625,8.321000000000002,0.0
-0.5335000000000001,-0.89609375,8.322500000000002,0.0
-0.535,-0.8965625,8.324000000000002,0.0
-0.5365,-0.8970312500000001,8.325500000000002,0.0
-0.538,-0.8975,8.327000000000002,0.0
-0.5395000000000001,-0.89796875,8.3285,0.0
-0.541,-0.8984375,8.33,0.0
-0.5425,-0.89890625,8.3315,0.0
-0.544,-0.899375,8.333,0.0
-0.5455000000000001,-0.89984375,8.3345,0.0
-0.547,-0.9003125000000001,8.336,0.0
-0.5485,-0.90078125,8.3375,0.0
-0.55,-0.90125,8.339,0.0
-0.5515000000000001,-0.90171875,8.3405,0.0
-0.553,-0.9021875,8.342,0.0
-0.5545,-0.90265625,8.3435,0.0
-0.556,-0.9031250000000001,8.345,0.0
-0.5575000000000001,-0.90359375,8.3465,0.0
-0.559,-0.9040625,8.348,0.0
-0.5605,-0.90453125,8.3495,0.0
-0.562,-0.905,8.351,0.0
-0.5639375000000001,-0.9050625,8.351875000000001,0.0
-0.565875,-0.9051250000000001,8.35275,0.0
-0.5678125,-0.9051875,8.353625000000001,0.0
-0.5697500000000001,-0.90525,8.354500000000002,0.0
-0.5716875,-0.9053125000000001,8.355375,0.0
-0.573625,-0.905375,8.356250000000001,0.0
-0.5755625000000001,-0.9054375,8.357125,0.0
-0.5775,-0.9055,8.358,0.0
-0.5794375,-0.9055625,8.358875000000001,0.0
-0.5813750000000001,-0.905625,8.35975,0.0
-0.5833125,-0.9056875,8.360625,0.0
-0.58525,-0.90575,8.3615,0.0
-0.5871875000000001,-0.9058125,8.362375,0.0
-0.589125,-0.905875,8.36325,0.0
-0.5910625,-0.9059375000000001,8.364125,0.0
-0.593,-0.906,8.365,0.0
-0.5949375,-0.9060625,8.365875,0.0
-0.596875,-0.9061250000000001,8.36675,0.0
-0.5988125,-0.9061875,8.367625,0.0
-0.60075,-0.90625,8.368500000000001,0.0
-0.6026875,-0.9063125000000001,8.369375,0.0
-0.604625,-0.906375,8.37025,0.0
-0.6065625,-0.9064375,8.371125,0.0
-0.6085,-0.9065000000000001,8.372,0.0
-0.6104375,-0.9065625,8.372875,0.0
-0.612375,-0.906625,8.37375,0.0
-0.6143125,-0.9066875,8.374625,0.0
-0.61625,-0.9067500000000001,8.375499999999999,0.0
-0.6181875,-0.9068125,8.376375,0.0
-0.620125,-0.906875,8.37725,0.0
-0.6220625,-0.9069375000000001,8.378124999999999,0.0
-0.624,-0.907,8.379,0.0
-0.62484375,-0.906625,8.37975,0.0
-0.6256875,-0.90625,8.3805,0.0
-0.62653125,-0.905875,8.38125,0.0
-0.627375,-0.9055,8.382,0.0
-0.62821875,-0.9051250000000001,8.38275,0.0
-0.6290625,-0.90475,8.3835,0.0
-0.62990625,-0.904375,8.38425,0.0
-0.63075,-0.904,8.385,0.0
-0.63159375,-0.903625,8.38575,0.0
-0.6324375,-0.90325,8.3865,0.0
-0.63328125,-0.902875,8.38725,0.0
-0.634125,-0.9025000000000001,8.388,0.0
-0.63496875,-0.9021250000000001,8.38875,0.0
-0.6358125,-0.90175,8.3895,0.0
-0.63665625,-0.901375,8.39025,0.0
-0.6375,-0.901,8.391,0.0
-0.63834375,-0.900625,8.39175,0.0
-0.6391875,-0.90025,8.3925,0.0
-0.64003125,-0.899875,8.39325,0.0
-0.640875,-0.8995,8.394,0.0
-0.64171875,-0.8991250000000001,8.39475,0.0
-0.6425625,-0.89875,8.3955,0.0
-0.6434062500000001,-0.898375,8.39625,0.0
-0.64425,-0.898,8.397,0.0
-0.64509375,-0.897625,8.39775,0.0
-0.6459375,-0.89725,8.3985,0.0
-0.64678125,-0.896875,8.39925,0.0
-0.647625,-0.8965000000000001,8.4,0.0
-0.64846875,-0.8961250000000001,8.40075,0.0
-0.6493125000000001,-0.89575,8.4015,0.0
-0.65015625,-0.895375,8.40225,0.0
-0.651,-0.895,8.403,0.0
-0.65309375,-0.8953125000000001,8.402875,0.0
-0.6551875,-0.895625,8.402750000000001,0.0
-0.65728125,-0.8959375,8.402625,0.0
-0.659375,-0.89625,8.4025,0.0
-0.66146875,-0.8965625,8.402375000000001,0.0
-0.6635625,-0.896875,8.40225,0.0
-0.6656562500000001,-0.8971875,8.402125,0.0
-0.6677500000000001,-0.8975,8.402000000000001,0.0
-0.66984375,-0.8978125,8.401875,0.0
-0.6719375,-0.8981250000000001,8.40175,0.0
-0.67403125,-0.8984375,8.401625,0.0
-0.676125,-0.89875,8.4015,0.0
-0.67821875,-0.8990625,8.401375,0.0
-0.6803125,-0.899375,8.40125,0.0
-0.68240625,-0.8996875,8.401125,0.0
-0.6845,-0.9,8.401,0.0
-0.68659375,-0.9003125000000001,8.400875,0.0
-0.6886875,-0.900625,8.40075,0.0
-0.69078125,-0.9009375000000001,8.400625,0.0
-0.692875,-0.90125,8.4005,0.0
-0.69496875,-0.9015625,8.400375,0.0
-0.6970625,-0.901875,8.40025,0.0
-0.69915625,-0.9021875,8.400125,0.0
-0.7012499999999999,-0.9025000000000001,8.399999999999999,0.0
-0.7033437499999999,-0.9028125,8.399875,0.0
-0.7054374999999999,-0.9031250000000001,8.39975,0.0
-0.70753125,-0.9034375,8.399624999999999,0.0
-0.709625,-0.90375,8.3995,0.0
-0.71171875,-0.9040625,8.399375,0.0
-0.7138125,-0.904375,8.399249999999999,0.0
-0.71590625,-0.9046875,8.399125,0.0
-0.718,-0.905,8.399,0.0
-0.71890625,-0.9060312500000001,8.39884375,0.0
-0.7198125,-0.9070625,8.3986875,0.0
-0.72071875,-0.90809375,8.39853125,0.0
-0.721625,-0.909125,8.398375,0.0
-0.72253125,-0.91015625,8.39821875,0.0
-0.7234375,-0.9111875,8.3980625,0.0
-0.72434375,-0.91221875,8.39790625,0.0
-0.72525,-0.91325,8.397749999999998,0.0
-0.72615625,-0.91428125,8.397593749999999,0.0
-0.7270625,-0.9153125,8.397437499999999,0.0
-0.7279687499999999,-0.91634375,8.397281249999999,0.0
-0.7288749999999999,-0.917375,8.397124999999999,0.0
-0.7297812499999999,-0.91840625,8.39696875,0.0
-0.7306874999999999,-0.9194375,8.3968125,0.0
-0.7315937499999999,-0.92046875,8.39665625,0.0
-0.7324999999999999,-0.9215,8.3965,0.0
-0.73340625,-0.92253125,8.39634375,0.0
-0.7343125,-0.9235625,8.3961875,0.0
-0.73521875,-0.92459375,8.39603125,0.0
-0.736125,-0.9256249999999999,8.395875,0.0
-0.73703125,-0.92665625,8.39571875,0.0
-0.7379375,-0.9276875,8.3955625,0.0
-0.73884375,-0.9287187499999999,8.39540625,0.0
-0.73975,-0.92975,8.39525,0.0
-0.74065625,-0.93078125,8.39509375,0.0
-0.7415625,-0.9318124999999999,8.3949375,0.0
-0.74246875,-0.93284375,8.39478125,0.0
-0.743375,-0.933875,8.394625,0.0
-0.74428125,-0.9349062499999999,8.39446875,0.0
-0.7451875,-0.9359375,8.3943125,0.0
-0.74609375,-0.9369687499999999,8.39415625,0.0
-0.747,-0.938,8.394,0.0
-0.74759375,-0.93821875,8.39384375,0.0
-0.7481875,-0.9384374999999999,8.3936875,0.0
-0.74878125,-0.93865625,8.39353125,0.0
-0.749375,-0.9388749999999999,8.393375,0.0
-0.74996875,-0.93909375,8.39321875,0.0
-0.7505625,-0.9393125,8.3930625,0.0
-0.75115625,-0.9395312499999999,8.39290625,0.0
-0.75175,-0.93975,8.39275,0.0
-0.75234375,-0.9399687499999999,8.39259375,0.0
-0.7529375,-0.9401875,8.3924375,0.0
-0.75353125,-0.94040625,8.39228125,0.0
-0.754125,-0.9406249999999999,8.392125,0.0
-0.75471875,-0.94084375,8.39196875,0.0
-0.7553125,-0.9410624999999999,8.3918125,0.0
-0.75590625,-0.94128125,8.39165625,0.0
-0.7565,-0.9415,8.3915,0.0
-0.75709375,-0.9417187499999999,8.391343749999999,0.0
-0.7576875,-0.9419375,8.3911875,0.0
-0.75828125,-0.9421562499999999,8.39103125,0.0
-0.758875,-0.942375,8.390875,0.0
-0.75946875,-0.9425937499999999,8.39071875,0.0
-0.7600625,-0.9428124999999999,8.3905625,0.0
-0.76065625,-0.94303125,8.39040625,0.0
-0.76125,-0.9432499999999999,8.39025,0.0
-0.76184375,-0.94346875,8.39009375,0.0
-0.7624375,-0.9436874999999999,8.3899375,0.0
-0.76303125,-0.94390625,8.389781249999999,0.0
-0.763625,-0.944125,8.389624999999999,0.0
-0.7642187500000001,-0.9443437499999999,8.389468749999999,0.0
-0.7648125,-0.9445625,8.389312499999999,0.0
-0.7654062500000001,-0.9447812499999999,8.38915625,0.0
-0.766,-0.945,8.389,0.0
-0.7665,-0.9460624999999999,8.387218749999999,0.0
-0.767,-0.947125,8.3854375,0.0
-0.7675000000000001,-0.9481875,8.38365625,0.0
-0.768,-0.9492499999999999,8.381874999999999,0.0
-0.7685,-0.9503125,8.38009375,0.0
-0.769,-0.951375,8.3783125,0.0
-0.7695000000000001,-0.9524374999999999,8.37653125,0.0
-0.77,-0.9535,8.374749999999999,0.0
-0.7705,-0.9545625,8.37296875,0.0
-0.771,-0.955625,8.3711875,0.0
-0.7715000000000001,-0.9566874999999999,8.369406249999999,0.0
-0.772,-0.95775,8.367625,0.0
-0.7725,-0.9588125,8.36584375,0.0
-0.773,-0.9598749999999999,8.3640625,0.0
-0.7735000000000001,-0.9609375,8.36228125,0.0
-0.774,-0.962,8.3605,0.0
-0.7745,-0.9630624999999999,8.35871875,0.0
-0.775,-0.964125,8.3569375,0.0
-0.7755000000000001,-0.9651875,8.35515625,0.0
-0.776,-0.9662499999999999,8.353375,0.0
-0.7765,-0.9673125,8.351593750000001,0.0
-0.777,-0.968375,8.3498125,0.0
-0.7775000000000001,-0.9694375,8.34803125,0.0
-0.778,-0.9704999999999999,8.346250000000001,0.0
-0.7785,-0.9715625,8.34446875,0.0
-0.779,-0.972625,8.3426875,0.0
-0.7795000000000001,-0.9736874999999999,8.34090625,0.0
-0.78,-0.97475,8.339125000000001,0.0
-0.7805,-0.9758125,8.33734375,0.0
-0.781,-0.9768749999999999,8.3355625,0.0
-0.7815000000000001,-0.9779375,8.333781250000001,0.0
-0.782,-0.979,8.332,0.0
-0.78171875,-0.9804999999999999,8.32921875,0.0
-0.7814375,-0.982,8.3264375,0.0
-0.78115625,-0.9834999999999999,8.32365625,0.0
-0.780875,-0.985,8.320875000000001,0.0
-0.78059375,-0.9864999999999999,8.318093750000001,0.0
-0.7803125000000001,-0.988,8.315312500000001,0.0
-0.7800312500000001,-0.9894999999999999,8.312531250000001,0.0
-0.77975,-0.991,8.309750000000001,0.0
-0.77946875,-0.9924999999999999,8.306968750000001,0.0
-0.7791875,-0.994,8.304187500000001,0.0
-0.77890625,-0.9954999999999999,8.301406250000001,0.0
-0.778625,-0.997,8.298625000000001,0.0
-0.77834375,-0.9984999999999999,8.295843750000001,0.0
-0.7780625,-1.0,8.293062500000001,0.0
-0.77778125,-1.0015,8.290281250000001,0.0
-0.7775000000000001,-1.003,8.287500000000001,0.0
-0.7772187500000001,-1.0045,8.28471875,0.0
-0.7769375000000001,-1.006,8.2819375,0.0
-0.77665625,-1.0074999999999998,8.27915625,0.0
-0.776375,-1.009,8.276375,0.0
-0.77609375,-1.0105,8.27359375,0.0
-0.7758125,-1.012,8.2708125,0.0
-0.77553125,-1.0134999999999998,8.26803125,0.0
-0.77525,-1.015,8.26525,0.0
-0.77496875,-1.0165,8.26246875,0.0
-0.7746875,-1.018,8.2596875,0.0
-0.7744062500000001,-1.0194999999999999,8.25690625,0.0
-0.7741250000000001,-1.021,8.254125,0.0
-0.77384375,-1.0225,8.25134375,0.0
-0.7735625,-1.024,8.2485625,0.0
-0.77328125,-1.0254999999999999,8.24578125,0.0
-0.773,-1.027,8.243,0.0
-0.7730625,-1.0285624999999998,8.24134375,0.0
-0.7731250000000001,-1.030125,8.2396875,0.0
-0.7731875,-1.0316874999999999,8.23803125,0.0
-0.77325,-1.03325,8.236375,0.0
-0.7733125000000001,-1.0348125,8.23471875,0.0
-0.773375,-1.0363749999999998,8.2330625,0.0
-0.7734375,-1.0379375,8.231406250000001,0.0
-0.7735000000000001,-1.0394999999999999,8.22975,0.0
-0.7735625,-1.0410625,8.22809375,0.0
-0.773625,-1.042625,8.2264375,0.0
-0.7736875,-1.0441874999999998,8.22478125,0.0
-0.77375,-1.04575,8.223125,0.0
-0.7738125,-1.0473124999999999,8.22146875,0.0
-0.773875,-1.048875,8.2198125,0.0
-0.7739375000000001,-1.0504375,8.21815625,0.0
-0.774,-1.052,8.2165,0.0
-0.7740625,-1.0535625,8.21484375,0.0
-0.7741250000000001,-1.0551249999999999,8.2131875,0.0
-0.7741875,-1.0566875,8.21153125,0.0
-0.77425,-1.05825,8.209875,0.0
-0.7743125000000001,-1.0598125,8.20821875,0.0
-0.774375,-1.061375,8.2065625,0.0
-0.7744375,-1.0629374999999999,8.20490625,0.0
-0.7745,-1.0645,8.20325,0.0
-0.7745625,-1.0660625,8.201593749999999,0.0
-0.774625,-1.067625,8.199937499999999,0.0
-0.7746875,-1.0691875,8.198281249999999,0.0
-0.77475,-1.0707499999999999,8.196625,0.0
-0.7748125,-1.0723125,8.19496875,0.0
-0.774875,-1.073875,8.1933125,0.0
-0.7749375000000001,-1.0754375,8.19165625,0.0
-0.775,-1.077,8.19,0.0
-0.774625,-1.07715625,8.186656249999999,0.0
-0.77425,-1.0773125,8.1833125,0.0
-0.773875,-1.07746875,8.17996875,0.0
-0.7735000000000001,-1.077625,8.176625,0.0
-0.7731250000000001,-1.07778125,8.173281249999999,0.0
-0.77275,-1.0779375,8.1699375,0.0
-0.772375,-1.07809375,8.16659375,0.0
-0.772,-1.07825,8.16325,0.0
-0.771625,-1.07840625,8.159906249999999,0.0
-0.77125,-1.0785625,8.1565625,0.0
-0.770875,-1.07871875,8.15321875,0.0
-0.7705,-1.078875,8.149875,0.0
-0.7701250000000001,-1.07903125,8.146531249999999,0.0
-0.76975,-1.0791875,8.1431875,0.0
-0.769375,-1.07934375,8.13984375,0.0
-0.769,-1.0795,8.1365,0.0
-0.768625,-1.07965625,8.133156249999999,0.0
-0.76825,-1.0798125,8.1298125,0.0
-0.767875,-1.07996875,8.12646875,0.0
-0.7675000000000001,-1.080125,8.123125,0.0
-0.7671250000000001,-1.08028125,8.119781249999999,0.0
-0.76675,-1.0804375,8.1164375,0.0
-0.766375,-1.08059375,8.11309375,0.0
-0.766,-1.08075,8.10975,0.0
-0.765625,-1.08090625,8.10640625,0.0
-0.76525,-1.0810625,8.1030625,0.0
-0.764875,-1.0812187500000001,8.099718750000001,0.0
-0.7645,-1.081375,8.096375,0.0
-0.764125,-1.08153125,8.09303125,0.0
-0.76375,-1.0816875000000001,8.0896875,0.0
-0.763375,-1.08184375,8.086343750000001,0.0
-0.763,-1.082,8.083,0.0
-0.7625,-1.0841562500000002,8.0789375,0.0
-0.762,-1.0863125,8.074875,0.0
-0.7615000000000001,-1.08846875,8.0708125,0.0
-0.761,-1.0906250000000002,8.06675,0.0
-0.7605,-1.09278125,8.062687500000001,0.0
-0.76,-1.0949375000000001,8.058625000000001,0.0
-0.7595000000000001,-1.09709375,8.0545625,0.0
-0.759,-1.09925,8.0505,0.0
-0.7585,-1.1014062500000001,8.0464375,0.0
-0.758,-1.1035625,8.042375,0.0
-0.7575000000000001,-1.10571875,8.0383125,0.0
-0.757,-1.107875,8.03425,0.0
-0.7565,-1.11003125,8.0301875,0.0
-0.756,-1.1121875,8.026125,0.0
-0.7555000000000001,-1.11434375,8.0220625,0.0
-0.755,-1.1165,8.018,0.0
-0.7545,-1.1186562500000001,8.0139375,0.0
-0.754,-1.1208125,8.009875000000001,0.0
-0.7535000000000001,-1.12296875,8.005812500000001,0.0
-0.753,-1.1251250000000002,8.00175,0.0
-0.7525,-1.12728125,7.9976875000000005,0.0
-0.752,-1.1294375,7.993625000000001,0.0
-0.7515000000000001,-1.13159375,7.9895625,0.0
-0.751,-1.13375,7.9855,0.0
-0.7505,-1.1359062500000001,7.9814375,0.0
-0.75,-1.1380625,7.977375,0.0
-0.7495,-1.14021875,7.9733125000000005,0.0
-0.749,-1.142375,7.969250000000001,0.0
-0.7484999999999999,-1.14453125,7.9651875,0.0
-0.748,-1.1466875,7.961125,0.0
-0.7475,-1.14884375,7.9570625,0.0
-0.747,-1.151,7.953,0.0
-0.74721875,-1.15340625,7.9463437500000005,0.0
-0.7474375,-1.1558125000000001,7.939687500000001,0.0
-0.74765625,-1.15821875,7.93303125,0.0
-0.747875,-1.160625,7.926375,0.0
-0.74809375,-1.16303125,7.91971875,0.0
-0.7483125,-1.1654375,7.9130625000000006,0.0
-0.74853125,-1.16784375,7.90640625,0.0
-0.74875,-1.17025,7.89975,0.0
-0.74896875,-1.17265625,7.89309375,0.0
-0.7491875,-1.1750625000000001,7.8864375,0.0
-0.74940625,-1.17746875,7.879781250000001,0.0
-0.749625,-1.179875,7.873125,0.0
-0.74984375,-1.18228125,7.86646875,0.0
-0.7500625,-1.1846875,7.8598125,0.0
-0.75028125,-1.18709375,7.8531562500000005,0.0
-0.7505,-1.1895,7.846500000000001,0.0
-0.75071875,-1.19190625,7.83984375,0.0
-0.7509375,-1.1943125,7.8331875,0.0
-0.75115625,-1.19671875,7.82653125,0.0
-0.751375,-1.199125,7.819875000000001,0.0
-0.75159375,-1.20153125,7.81321875,0.0
-0.7518125,-1.2039374999999999,7.8065625,0.0
-0.75203125,-1.20634375,7.79990625,0.0
-0.75225,-1.20875,7.7932500000000005,0.0
-0.75246875,-1.21115625,7.786593750000001,0.0
-0.7526875,-1.2135625,7.7799375,0.0
-0.75290625,-1.21596875,7.77328125,0.0
-0.753125,-1.218375,7.766625,0.0
-0.75334375,-1.22078125,7.7599687500000005,0.0
-0.7535625,-1.2231874999999999,7.7533125,0.0
-0.75378125,-1.22559375,7.74665625,0.0
-0.754,-1.228,7.74,0.0
-0.754125,-1.2288125,7.738593750000001,0.0
-0.75425,-1.229625,7.7371875,0.0
-0.754375,-1.2304375,7.7357812500000005,0.0
-0.7545,-1.23125,7.734375,0.0
-0.754625,-1.2320625,7.73296875,0.0
-0.75475,-1.232875,7.7315625,0.0
-0.754875,-1.2336875,7.73015625,0.0
-0.755,-1.2345,7.72875,0.0
-0.755125,-1.2353125,7.72734375,0.0
-0.75525,-1.236125,7.725937500000001,0.0
-0.755375,-1.2369375,7.72453125,0.0
-0.7555000000000001,-1.23775,7.7231250000000005,0.0
-0.755625,-1.2385625,7.72171875,0.0
-0.75575,-1.239375,7.7203125,0.0
-0.755875,-1.2401875,7.71890625,0.0
-0.756,-1.241,7.7175,0.0
-0.756125,-1.2418125,7.716093750000001,0.0
-0.75625,-1.242625,7.7146875,0.0
-0.756375,-1.2434375,7.7132812500000005,0.0
-0.7565,-1.24425,7.711875,0.0
-0.756625,-1.2450625,7.71046875,0.0
-0.75675,-1.245875,7.7090625,0.0
-0.756875,-1.2466875,7.70765625,0.0
-0.757,-1.2475,7.706250000000001,0.0
-0.757125,-1.2483125,7.70484375,0.0
-0.75725,-1.249125,7.703437500000001,0.0
-0.757375,-1.2499375,7.70203125,0.0
-0.7575000000000001,-1.25075,7.7006250000000005,0.0
-0.757625,-1.2515625,7.69921875,0.0
-0.75775,-1.252375,7.6978125,0.0
-0.757875,-1.2531875,7.69640625,0.0
-0.758,-1.254,7.695,0.0
-0.75853125,-1.254375,7.69290625,0.0
-0.7590625,-1.25475,7.6908125,0.0
-0.75959375,-1.255125,7.6887187500000005,0.0
-0.760125,-1.2555,7.686625,0.0
-0.76065625,-1.255875,7.68453125,0.0
-0.7611875,-1.25625,7.682437500000001,0.0
-0.76171875,-1.256625,7.6803437500000005,0.0
-0.76225,-1.2570000000000001,7.67825,0.0
-0.76278125,-1.257375,7.67615625,0.0
-0.7633125000000001,-1.25775,7.6740625,0.0
-0.76384375,-1.258125,7.6719687500000004,0.0
-0.764375,-1.2585,7.669875,0.0
-0.76490625,-1.258875,7.66778125,0.0
-0.7654375,-1.25925,7.665687500000001,0.0
-0.76596875,-1.259625,7.66359375,0.0
-0.7665,-1.26,7.6615,0.0
-0.76703125,-1.260375,7.65940625,0.0
-0.7675625,-1.26075,7.6573125,0.0
-0.76809375,-1.261125,7.65521875,0.0
-0.768625,-1.2615,7.653125,0.0
-0.76915625,-1.261875,7.65103125,0.0
-0.7696875,-1.26225,7.648937500000001,0.0
-0.7702187500000001,-1.262625,7.64684375,0.0
-0.77075,-1.263,7.64475,0.0
-0.77128125,-1.263375,7.64265625,0.0
-0.7718125,-1.26375,7.6405625,0.0
-0.77234375,-1.264125,7.63846875,0.0
-0.772875,-1.2645,7.636375,0.0
-0.7734062500000001,-1.264875,7.63428125,0.0
-0.7739375000000001,-1.26525,7.632187500000001,0.0
-0.77446875,-1.265625,7.63009375,0.0
-0.775,-1.266,7.628,0.0
-0.7744062500000001,-1.26803125,7.62446875,0.0
-0.7738125,-1.2700625,7.6209375,0.0
-0.7732187500000001,-1.27209375,7.61740625,0.0
-0.772625,-1.274125,7.613875,0.0
-0.7720312500000001,-1.27615625,7.61034375,0.0
-0.7714375,-1.2781875,7.6068125,0.0
-0.77084375,-1.28021875,7.60328125,0.0
-0.77025,-1.28225,7.59975,0.0
-0.76965625,-1.28428125,7.59621875,0.0
-0.7690625,-1.2863125,7.5926875,0.0
-0.76846875,-1.28834375,7.58915625,0.0
-0.767875,-1.290375,7.585625,0.0
-0.76728125,-1.29240625,7.58209375,0.0
-0.7666875,-1.2944375,7.5785625,0.0
-0.76609375,-1.29646875,7.57503125,0.0
-0.7655000000000001,-1.2985,7.5715,0.0
-0.76490625,-1.30053125,7.5679687499999995,0.0
-0.7643125000000001,-1.3025625,7.5644374999999995,0.0
-0.76371875,-1.30459375,7.5609062499999995,0.0
-0.763125,-1.306625,7.5573749999999995,0.0
-0.76253125,-1.30865625,7.5538437499999995,0.0
-0.7619375,-1.3106875,7.5503124999999995,0.0
-0.76134375,-1.31271875,7.5467812499999996,0.0
-0.76075,-1.31475,7.54325,0.0
-0.76015625,-1.31678125,7.53971875,0.0
-0.7595625,-1.3188125,7.5361875,0.0
-0.75896875,-1.3208437499999999,7.53265625,0.0
-0.758375,-1.322875,7.529125,0.0
-0.75778125,-1.32490625,7.52559375,0.0
-0.7571875,-1.3269374999999999,7.5220625,0.0
-0.75659375,-1.32896875,7.51853125,0.0
-0.756,-1.331,7.515,0.0
-0.75615625,-1.331875,7.51371875,0.0
-0.7563125,-1.3327499999999999,7.5124375,0.0
-0.75646875,-1.333625,7.51115625,0.0
-0.756625,-1.3345,7.509875,0.0
-0.75678125,-1.335375,7.50859375,0.0
-0.7569375,-1.33625,7.507312499999999,0.0
-0.75709375,-1.337125,7.5060312499999995,0.0
-0.75725,-1.338,7.50475,0.0
-0.7574062500000001,-1.338875,7.50346875,0.0
-0.7575625,-1.33975,7.5021875,0.0
-0.75771875,-1.340625,7.50090625,0.0
-0.757875,-1.3415,7.499625,0.0
-0.75803125,-1.3423749999999999,7.49834375,0.0
-0.7581875,-1.34325,7.4970625,0.0
-0.75834375,-1.344125,7.49578125,0.0
-0.7585,-1.345,7.4945,0.0
-0.75865625,-1.345875,7.49321875,0.0
-0.7588125,-1.34675,7.4919375,0.0
-0.75896875,-1.347625,7.49065625,0.0
-0.759125,-1.3485,7.489375,0.0
-0.75928125,-1.349375,7.48809375,0.0
-0.7594375,-1.35025,7.4868125,0.0
-0.75959375,-1.351125,7.48553125,0.0
-0.75975,-1.3519999999999999,7.48425,0.0
-0.75990625,-1.352875,7.48296875,0.0
-0.7600625,-1.35375,7.4816875000000005,0.0
-0.76021875,-1.354625,7.48040625,0.0
-0.760375,-1.3555,7.479125,0.0
-0.76053125,-1.3563749999999999,7.47784375,0.0
-0.7606875,-1.35725,7.4765625,0.0
-0.76084375,-1.358125,7.47528125,0.0
-0.761,-1.359,7.474,0.0
-0.760625,-1.35975,7.471843750000001,0.0
-0.76025,-1.3605,7.4696875,0.0
-0.759875,-1.36125,7.46753125,0.0
-0.7595000000000001,-1.362,7.465375,0.0
-0.759125,-1.36275,7.46321875,0.0
-0.75875,-1.3635,7.461062500000001,0.0
-0.758375,-1.36425,7.45890625,0.0
-0.758,-1.365,7.45675,0.0
-0.757625,-1.36575,7.45459375,0.0
-0.75725,-1.3665,7.4524375,0.0
-0.756875,-1.36725,7.450281250000001,0.0
-0.7565,-1.3679999999999999,7.448125,0.0
-0.756125,-1.36875,7.4459687500000005,0.0
-0.75575,-1.3695,7.4438125,0.0
-0.755375,-1.37025,7.44165625,0.0
-0.755,-1.371,7.439500000000001,0.0
-0.754625,-1.37175,7.43734375,0.0
-0.75425,-1.3725,7.4351875000000005,0.0
-0.753875,-1.37325,7.43303125,0.0
-0.7535000000000001,-1.374,7.430875,0.0
-0.753125,-1.37475,7.42871875,0.0
-0.75275,-1.3755,7.4265625,0.0
-0.752375,-1.37625,7.4244062500000005,0.0
-0.752,-1.377,7.42225,0.0
-0.751625,-1.37775,7.42009375,0.0
-0.75125,-1.3785,7.4179375,0.0
-0.750875,-1.37925,7.41578125,0.0
-0.7505,-1.38,7.413625000000001,0.0
-0.750125,-1.38075,7.41146875,0.0
-0.74975,-1.3815,7.4093125,0.0
-0.749375,-1.38225,7.40715625,0.0
-0.749,-1.383,7.405,0.0
-0.74915625,-1.38315625,7.403593750000001,0.0
-0.7493125,-1.3833125,7.4021875,0.0
-0.74946875,-1.38346875,7.4007812500000005,0.0
-0.749625,-1.3836249999999999,7.399375,0.0
-0.74978125,-1.38378125,7.39796875,0.0
-0.7499375,-1.3839375,7.3965625,0.0
-0.75009375,-1.38409375,7.39515625,0.0
-0.75025,-1.38425,7.393750000000001,0.0
-0.75040625,-1.38440625,7.39234375,0.0
-0.7505625,-1.3845625,7.390937500000001,0.0
-0.75071875,-1.38471875,7.38953125,0.0
-0.750875,-1.384875,7.3881250000000005,0.0
-0.75103125,-1.38503125,7.38671875,0.0
-0.7511875,-1.3851875,7.3853125,0.0
-0.75134375,-1.3853437499999999,7.38390625,0.0
-0.7515000000000001,-1.3855,7.3825,0.0
-0.75165625,-1.38565625,7.381093750000001,0.0
-0.7518125,-1.3858125,7.3796875,0.0
-0.75196875,-1.38596875,7.378281250000001,0.0
-0.752125,-1.3861249999999998,7.376875,0.0
-0.75228125,-1.38628125,7.3754687500000005,0.0
-0.7524375,-1.3864375,7.3740625,0.0
-0.75259375,-1.3865937499999998,7.37265625,0.0
-0.75275,-1.38675,7.37125,0.0
-0.75290625,-1.38690625,7.36984375,0.0
-0.7530625,-1.3870624999999999,7.368437500000001,0.0
-0.75321875,-1.38721875,7.36703125,0.0
-0.753375,-1.387375,7.3656250000000005,0.0
-0.75353125,-1.3875312499999999,7.36421875,0.0
-0.7536875,-1.3876875,7.3628125,0.0
-0.75384375,-1.3878437499999998,7.36140625,0.0
-0.754,-1.388,7.36,0.0
-0.75421875,-1.38846875,7.35909375,0.0
-0.7544375,-1.3889375,7.3581875000000005,0.0
-0.75465625,-1.38940625,7.357281250000001,0.0
-0.754875,-1.389875,7.356375,0.0
-0.75509375,-1.39034375,7.35546875,0.0
-0.7553125,-1.3908125,7.3545625,0.0
-0.75553125,-1.39128125,7.35365625,0.0
-0.75575,-1.39175,7.35275,0.0
-0.75596875,-1.3922187499999998,7.3518437500000005,0.0
-0.7561875,-1.3926874999999999,7.350937500000001,0.0
-0.7564062500000001,-1.3931562499999999,7.350031250000001,0.0
-0.756625,-1.393625,7.349125000000001,0.0
-0.75684375,-1.39409375,7.34821875,0.0
-0.7570625,-1.3945625,7.3473125,0.0
-0.75728125,-1.39503125,7.34640625,0.0
-0.7575000000000001,-1.3955,7.3455,0.0
-0.75771875,-1.39596875,7.3445937500000005,0.0
-0.7579375,-1.3964375,7.343687500000001,0.0
-0.75815625,-1.39690625,7.342781250000001,0.0
-0.758375,-1.397375,7.341875,0.0
-0.75859375,-1.39784375,7.34096875,0.0
-0.7588125,-1.3983125,7.3400625,0.0
-0.75903125,-1.39878125,7.33915625,0.0
-0.75925,-1.3992499999999999,7.33825,0.0
-0.75946875,-1.39971875,7.3373437500000005,0.0
-0.7596875,-1.4001875,7.336437500000001,0.0
-0.75990625,-1.40065625,7.335531250000001,0.0
-0.760125,-1.401125,7.334625000000001,0.0
-0.76034375,-1.40159375,7.33371875,0.0
-0.7605625,-1.4020625,7.3328125,0.0
-0.76078125,-1.40253125,7.33190625,0.0
-0.761,-1.403,7.331,0.0
-0.76153125,-1.40328125,7.3293437500000005,0.0
-0.7620625,-1.4035625,7.327687500000001,0.0
-0.76259375,-1.40384375,7.326031250000001,0.0
-0.763125,-1.404125,7.324375,0.0
-0.76365625,-1.40440625,7.32271875,0.0
-0.7641875,-1.4046875,7.3210625,0.0
-0.76471875,-1.40496875,7.31940625,0.0
-0.76525,-1.40525,7.31775,0.0
-0.76578125,-1.40553125,7.31609375,0.0
-0.7663125000000001,-1.4058125,7.3144375,0.0
-0.76684375,-1.40609375,7.3127812500000005,0.0
-0.767375,-1.406375,7.3111250000000005,0.0
-0.76790625,-1.40665625,7.30946875,0.0
-0.7684375,-1.4069375,7.3078125,0.0
-0.76896875,-1.40721875,7.30615625,0.0
-0.7695000000000001,-1.4075,7.3045,0.0
-0.7700312500000001,-1.40778125,7.30284375,0.0
-0.7705625,-1.4080625,7.3011875,0.0
-0.77109375,-1.40834375,7.29953125,0.0
-0.771625,-1.408625,7.2978749999999994,0.0
-0.77215625,-1.40890625,7.2962187499999995,0.0
-0.7726875,-1.4091875,7.2945625,0.0
-0.7732187500000001,-1.40946875,7.29290625,0.0
-0.77375,-1.4097499999999998,7.29125,0.0
-0.77428125,-1.4100312499999998,7.28959375,0.0
-0.7748125,-1.4103124999999999,7.2879375,0.0
-0.77534375,-1.4105937499999999,7.28628125,0.0
-0.775875,-1.4108749999999999,7.284625,0.0
-0.7764062500000001,-1.41115625,7.282968749999999,0.0
-0.7769375000000001,-1.4114375,7.281312499999999,0.0
-0.77746875,-1.41171875,7.2796562499999995,0.0
-0.778,-1.412,7.278,0.0
-0.7791875,-1.41178125,7.27734375,0.0
-0.780375,-1.4115624999999998,7.2766874999999995,0.0
-0.7815625,-1.41134375,7.27603125,0.0
-0.7827500000000001,-1.411125,7.2753749999999995,0.0
-0.7839375000000001,-1.41090625,7.27471875,0.0
-0.785125,-1.4106874999999999,7.274062499999999,0.0
-0.7863125,-1.41046875,7.27340625,0.0
-0.7875,-1.41025,7.272749999999999,0.0
-0.7886875,-1.4100312499999998,7.27209375,0.0
-0.789875,-1.4098125,7.271437499999999,0.0
-0.7910625,-1.40959375,7.27078125,0.0
-0.79225,-1.409375,7.270124999999999,0.0
-0.7934375,-1.4091562499999999,7.26946875,0.0
-0.794625,-1.4089375,7.268812499999999,0.0
-0.7958125,-1.40871875,7.26815625,0.0
-0.7969999999999999,-1.4085,7.2675,0.0
-0.7981874999999999,-1.40828125,7.26684375,0.0
-0.799375,-1.4080625,7.2661875,0.0
-0.8005625,-1.40784375,7.2655312499999996,0.0
-0.80175,-1.407625,7.264875,0.0
-0.8029375,-1.40740625,7.2642187499999995,0.0
-0.804125,-1.4071875,7.2635625,0.0
-0.8053125,-1.40696875,7.2629062499999995,0.0
-0.8065,-1.40675,7.26225,0.0
-0.8076875,-1.40653125,7.261593749999999,0.0
-0.808875,-1.4063125,7.2609375,0.0
-0.8100624999999999,-1.40609375,7.260281249999999,0.0
-0.8112499999999999,-1.405875,7.259625,0.0
-0.8124374999999999,-1.40565625,7.258968749999999,0.0
-0.8136249999999999,-1.4054375000000001,7.2583125,0.0
-0.8148124999999999,-1.40521875,7.257656249999999,0.0
-0.816,-1.405,7.257,0.0
-0.8164374999999999,-1.40440625,7.256625,0.0
-0.8168749999999999,-1.4038125,7.25625,0.0
-0.8173125,-1.40321875,7.255875,0.0
-0.81775,-1.402625,7.2555,0.0
-0.8181875,-1.40203125,7.255125,0.0
-0.8186249999999999,-1.4014375000000001,7.25475,0.0
-0.8190624999999999,-1.40084375,7.254375,0.0
-0.8194999999999999,-1.40025,7.254,0.0
-0.8199375,-1.39965625,7.2536249999999995,0.0
-0.820375,-1.3990624999999999,7.2532499999999995,0.0
-0.8208125,-1.39846875,7.2528749999999995,0.0
-0.8212499999999999,-1.397875,7.2524999999999995,0.0
-0.8216874999999999,-1.39728125,7.2521249999999995,0.0
-0.822125,-1.3966875,7.2517499999999995,0.0
-0.8225625,-1.39609375,7.2513749999999995,0.0
-0.823,-1.3955,7.2509999999999994,0.0
-0.8234374999999999,-1.39490625,7.250625,0.0
-0.8238749999999999,-1.3943124999999998,7.25025,0.0
-0.8243125,-1.39371875,7.249875,0.0
-0.82475,-1.393125,7.2495,0.0
-0.8251875,-1.39253125,7.249125,0.0
-0.8256249999999999,-1.3919375,7.24875,0.0
-0.8260624999999999,-1.3913437499999999,7.248375,0.0
-0.8265,-1.39075,7.248,0.0
-0.8269375,-1.39015625,7.247625,0.0
-0.827375,-1.3895624999999998,7.24725,0.0
-0.8278125,-1.3889687499999999,7.246875,0.0
-0.8282499999999999,-1.388375,7.2465,0.0
-0.8286874999999999,-1.38778125,7.246125,0.0
-0.829125,-1.3871875,7.24575,0.0
-0.8295625,-1.3865937499999998,7.245375,0.0
-0.83,-1.386,7.245,0.0
-0.83075,-1.38540625,7.245,0.0
-0.8314999999999999,-1.3848125,7.245,0.0
-0.8322499999999999,-1.3842187499999998,7.245,0.0
-0.833,-1.3836249999999999,7.245,0.0
-0.83375,-1.38303125,7.245,0.0
-0.8345,-1.3824375,7.245,0.0
-0.8352499999999999,-1.3818437499999998,7.245,0.0
-0.836,-1.3812499999999999,7.245,0.0
-0.83675,-1.38065625,7.245,0.0
-0.8374999999999999,-1.3800625,7.245,0.0
-0.8382499999999999,-1.37946875,7.245,0.0
-0.839,-1.3788749999999999,7.245,0.0
-0.83975,-1.37828125,7.245,0.0
-0.8405,-1.3776875,7.245,0.0
-0.8412499999999999,-1.37709375,7.245,0.0
-0.842,-1.3765,7.245,0.0
-0.84275,-1.3759062499999999,7.245,0.0
-0.8434999999999999,-1.3753125,7.245,0.0
-0.84425,-1.37471875,7.245,0.0
-0.845,-1.374125,7.245,0.0
-0.84575,-1.3735312499999999,7.245,0.0
-0.8465,-1.3729375,7.245,0.0
-0.84725,-1.37234375,7.245,0.0
-0.848,-1.37175,7.245,0.0
-0.84875,-1.37115625,7.245,0.0
-0.8494999999999999,-1.3705625,7.245,0.0
-0.85025,-1.36996875,7.245,0.0
-0.851,-1.369375,7.245,0.0
-0.85175,-1.36878125,7.245,0.0
-0.8525,-1.3681875,7.245,0.0
-0.85325,-1.36759375,7.245,0.0
-0.854,-1.367,7.245,0.0
-0.8550625,-1.36675,7.24490625,0.0
-0.856125,-1.3665,7.2448125,0.0
-0.8571875,-1.36625,7.2447187500000005,0.0
-0.85825,-1.366,7.244625,0.0
-0.8593125,-1.36575,7.24453125,0.0
-0.860375,-1.3655,7.2444375,0.0
-0.8614375,-1.36525,7.2443437500000005,0.0
-0.8625,-1.365,7.24425,0.0
-0.8635625,-1.36475,7.24415625,0.0
-0.864625,-1.3645,7.2440625,0.0
-0.8656874999999999,-1.36425,7.2439687500000005,0.0
-0.86675,-1.3639999999999999,7.243875,0.0
-0.8678125,-1.36375,7.24378125,0.0
-0.868875,-1.3635,7.2436875,0.0
-0.8699375,-1.36325,7.2435937500000005,0.0
-0.871,-1.363,7.2435,0.0
-0.8720625,-1.36275,7.24340625,0.0
-0.873125,-1.3625,7.2433125,0.0
-0.8741875,-1.36225,7.2432187500000005,0.0
-0.87525,-1.362,7.243125,0.0
-0.8763125,-1.36175,7.24303125,0.0
-0.877375,-1.3615,7.2429375,0.0
-0.8784375,-1.36125,7.2428437500000005,0.0
-0.8795,-1.361,7.24275,0.0
-0.8805625,-1.36075,7.24265625,0.0
-0.881625,-1.3605,7.2425625,0.0
-0.8826875,-1.36025,7.2424687500000005,0.0
-0.88375,-1.3599999999999999,7.242375,0.0
-0.8848125,-1.35975,7.24228125,0.0
-0.885875,-1.3595,7.2421875,0.0
-0.8869375,-1.35925,7.24209375,0.0
-0.888,-1.359,7.242,0.0
-0.88875,-1.35946875,7.2426875,0.0
-0.8895,-1.3599375,7.243375,0.0
-0.89025,-1.36040625,7.2440625,0.0
-0.891,-1.360875,7.24475,0.0
-0.89175,-1.36134375,7.2454375,0.0
-0.8925000000000001,-1.3618125,7.246125,0.0
-0.89325,-1.36228125,7.2468125,0.0
-0.894,-1.3627500000000001,7.2475000000000005,0.0
-0.89475,-1.36321875,7.2481875,0.0
-0.8955,-1.3636875,7.248875,0.0
-0.89625,-1.36415625,7.2495625,0.0
-0.897,-1.364625,7.25025,0.0
-0.89775,-1.36509375,7.2509375,0.0
-0.8985000000000001,-1.3655625,7.251625,0.0
-0.89925,-1.36603125,7.2523125,0.0
-0.9,-1.3665,7.253,0.0
-0.90075,-1.36696875,7.2536875,0.0
-0.9015,-1.3674375,7.2543750000000005,0.0
-0.90225,-1.36790625,7.2550625,0.0
-0.903,-1.3683750000000001,7.25575,0.0
-0.90375,-1.3688437500000001,7.2564375000000005,0.0
-0.9045000000000001,-1.3693125000000002,7.257125,0.0
-0.90525,-1.3697812500000002,7.2578125,0.0
-0.906,-1.37025,7.2585,0.0
-0.9067500000000001,-1.37071875,7.2591875,0.0
-0.9075,-1.3711875,7.259875,0.0
-0.90825,-1.37165625,7.2605625,0.0
-0.909,-1.372125,7.26125,0.0
-0.9097500000000001,-1.37259375,7.2619375,0.0
-0.9105000000000001,-1.3730625,7.262625,0.0
-0.91125,-1.37353125,7.2633125000000005,0.0
-0.912,-1.374,7.264,0.0
-0.9125000000000001,-1.374,7.265187500000001,0.0
-0.913,-1.374,7.266375,0.0
-0.9135,-1.374,7.2675625,0.0
-0.914,-1.374,7.26875,0.0
-0.9145000000000001,-1.374,7.2699375,0.0
-0.915,-1.374,7.2711250000000005,0.0
-0.9155,-1.374,7.2723125,0.0
-0.916,-1.374,7.2735,0.0
-0.9165000000000001,-1.374,7.2746875,0.0
-0.917,-1.374,7.275875,0.0
-0.9175,-1.374,7.2770625,0.0
-0.918,-1.374,7.27825,0.0
-0.9185000000000001,-1.374,7.2794375,0.0
-0.919,-1.374,7.280625,0.0
-0.9195,-1.374,7.2818125,0.0
-0.92,-1.374,7.2829999999999995,0.0
-0.9205000000000001,-1.374,7.2841875,0.0
-0.921,-1.374,7.285375,0.0
-0.9215,-1.374,7.2865625,0.0
-0.922,-1.374,7.28775,0.0
-0.9225000000000001,-1.374,7.288937499999999,0.0
-0.923,-1.374,7.290125,0.0
-0.9235,-1.374,7.2913125,0.0
-0.924,-1.374,7.2924999999999995,0.0
-0.9245000000000001,-1.374,7.2936875,0.0
-0.925,-1.374,7.294874999999999,0.0
-0.9255,-1.374,7.2960625,0.0
-0.926,-1.374,7.29725,0.0
-0.9265000000000001,-1.374,7.2984374999999995,0.0
-0.927,-1.374,7.299625,0.0
-0.9275,-1.374,7.300812499999999,0.0
-0.928,-1.374,7.302,0.0
-0.9287500000000001,-1.3754062500000002,7.30371875,0.0
-0.9295,-1.3768125000000002,7.3054375,0.0
-0.93025,-1.37821875,7.307156249999999,0.0
-0.931,-1.379625,7.308875,0.0
-0.9317500000000001,-1.3810312500000002,7.31059375,0.0
-0.9325,-1.3824375,7.3123125,0.0
-0.93325,-1.38384375,7.314031249999999,0.0
-0.934,-1.38525,7.3157499999999995,0.0
-0.93475,-1.3866562500000001,7.31746875,0.0
-0.9355,-1.3880625000000002,7.3191875,0.0
-0.93625,-1.38946875,7.32090625,0.0
-0.937,-1.390875,7.3226249999999995,0.0
-0.93775,-1.3922812500000001,7.32434375,0.0
-0.9385,-1.3936875,7.3260625,0.0
-0.93925,-1.39509375,7.32778125,0.0
-0.94,-1.3965,7.3294999999999995,0.0
-0.94075,-1.3979062500000001,7.33121875,0.0
-0.9415,-1.3993125000000002,7.3329375,0.0
-0.94225,-1.40071875,7.33465625,0.0
-0.943,-1.402125,7.336375,0.0
-0.94375,-1.4035312500000001,7.33809375,0.0
-0.9445,-1.4049375,7.3398125,0.0
-0.94525,-1.40634375,7.34153125,0.0
-0.946,-1.40775,7.34325,0.0
-0.94675,-1.40915625,7.3449687500000005,0.0
-0.9475,-1.4105625000000002,7.3466875,0.0
-0.9482499999999999,-1.41196875,7.34840625,0.0
-0.949,-1.413375,7.350125,0.0
-0.94975,-1.41478125,7.3518437500000005,0.0
-0.9505,-1.4161875,7.3535625,0.0
-0.9512499999999999,-1.41759375,7.35528125,0.0
-0.952,-1.419,7.357,0.0
-0.9525312499999999,-1.41984375,7.3588125,0.0
-0.9530624999999999,-1.4206875,7.360625000000001,0.0
-0.9535937499999999,-1.4215312500000001,7.3624375,0.0
-0.954125,-1.422375,7.36425,0.0
-0.95465625,-1.42321875,7.3660625,0.0
-0.9551875,-1.4240625,7.367875,0.0
-0.95571875,-1.42490625,7.3696875,0.0
-0.9562499999999999,-1.42575,7.3715,0.0
-0.9567812499999999,-1.42659375,7.3733125,0.0
-0.9573125,-1.4274375,7.375125000000001,0.0
-0.95784375,-1.42828125,7.3769375,0.0
-0.958375,-1.429125,7.37875,0.0
-0.95890625,-1.42996875,7.3805625,0.0
-0.9594374999999999,-1.4308125,7.382375,0.0
-0.9599687499999999,-1.43165625,7.3841875,0.0
-0.9604999999999999,-1.4325,7.386,0.0
-0.96103125,-1.43334375,7.3878125,0.0
-0.9615625,-1.4341875,7.3896250000000006,0.0
-0.96209375,-1.43503125,7.3914375,0.0
-0.962625,-1.435875,7.39325,0.0
-0.9631562499999999,-1.43671875,7.3950625,0.0
-0.9636874999999999,-1.4375625,7.396875,0.0
-0.96421875,-1.4384062499999999,7.3986875,0.0
-0.96475,-1.43925,7.4005,0.0
-0.96528125,-1.44009375,7.4023125,0.0
-0.9658125,-1.4409375,7.4041250000000005,0.0
-0.96634375,-1.44178125,7.4059375,0.0
-0.9668749999999999,-1.442625,7.40775,0.0
-0.96740625,-1.4434687499999999,7.4095625,0.0
-0.9679375,-1.4443124999999999,7.411375,0.0
-0.96846875,-1.44515625,7.4131875,0.0
-0.969,-1.446,7.415,0.0
-0.9701875,-1.44590625,7.4191875,0.0
-0.971375,-1.4458125,7.423375,0.0
-0.9725625,-1.44571875,7.4275625000000005,0.0
-0.97375,-1.445625,7.43175,0.0
-0.9749375,-1.44553125,7.4359375,0.0
-0.9761249999999999,-1.4454375,7.440125,0.0
-0.9773124999999999,-1.44534375,7.4443125000000006,0.0
-0.9784999999999999,-1.44525,7.4485,0.0
-0.9796874999999999,-1.44515625,7.4526875,0.0
-0.9808749999999999,-1.4450625,7.456875,0.0
-0.9820625,-1.44496875,7.461062500000001,0.0
-0.98325,-1.444875,7.46525,0.0
-0.9844375,-1.44478125,7.4694375,0.0
-0.985625,-1.4446875,7.473625,0.0
-0.9868125,-1.44459375,7.477812500000001,0.0
-0.988,-1.4445000000000001,7.482,0.0
-0.9891874999999999,-1.4444062500000001,7.4861875,0.0
-0.9903749999999999,-1.4443125,7.490375,0.0
-0.9915624999999999,-1.44421875,7.494562500000001,0.0
-0.9927499999999999,-1.444125,7.49875,0.0
-0.9939374999999999,-1.44403125,7.5029375,0.0
-0.9951249999999999,-1.4439375,7.507125,0.0
-0.9963124999999999,-1.44384375,7.511312500000001,0.0
-0.9974999999999999,-1.44375,7.5155,0.0
-0.9986875,-1.44365625,7.5196875,0.0
-0.999875,-1.4435625,7.523875,0.0
-1.0010625,-1.44346875,7.528062500000001,0.0
-1.0022499999999999,-1.443375,7.53225,0.0
-1.0034375,-1.44328125,7.5364375,0.0
-1.0046249999999999,-1.4431875,7.540625,0.0
-1.0058125,-1.44309375,7.544812500000001,0.0
-1.007,-1.443,7.549,0.0
-1.0080624999999999,-1.44428125,7.554375,0.0
-1.0091249999999998,-1.4455625,7.55975,0.0
-1.0101874999999998,-1.44684375,7.565125,0.0
-1.01125,-1.448125,7.5705,0.0
-1.0123125,-1.44940625,7.575875,0.0
-1.013375,-1.4506875000000001,7.581250000000001,0.0
-1.0144374999999999,-1.45196875,7.586625000000001,0.0
-1.0154999999999998,-1.4532500000000002,7.5920000000000005,0.0
-1.0165624999999998,-1.45453125,7.597375,0.0
-1.017625,-1.4558125,7.60275,0.0
-1.0186875,-1.45709375,7.608125,0.0
-1.01975,-1.458375,7.6135,0.0
-1.0208125,-1.45965625,7.618875,0.0
-1.0218749999999999,-1.4609375,7.62425,0.0
-1.0229374999999998,-1.4622187500000001,7.629625,0.0
-1.024,-1.4635,7.635,0.0
-1.0250625,-1.46478125,7.640375000000001,0.0
-1.026125,-1.4660625,7.6457500000000005,0.0
-1.0271875,-1.46734375,7.651125,0.0
-1.0282499999999999,-1.468625,7.6565,0.0
-1.0293124999999999,-1.46990625,7.661875,0.0
-1.0303749999999998,-1.4711875,7.66725,0.0
-1.0314375,-1.47246875,7.672625,0.0
-1.0325,-1.47375,7.678,0.0
-1.0335625,-1.47503125,7.683375,0.0
-1.034625,-1.4763125,7.68875,0.0
-1.0356874999999999,-1.47759375,7.6941250000000005,0.0
-1.0367499999999998,-1.478875,7.6995000000000005,0.0
-1.0378125,-1.48015625,7.704875,0.0
-1.038875,-1.4814375,7.71025,0.0
-1.0399375,-1.48271875,7.715625,0.0
-1.041,-1.484,7.721,0.0
-1.0421874999999998,-1.48421875,7.7275937500000005,0.0
-1.043375,-1.4844375,7.7341875,0.0
-1.0445624999999998,-1.48465625,7.74078125,0.0
-1.04575,-1.484875,7.747375,0.0
-1.0469374999999999,-1.48509375,7.75396875,0.0
-1.048125,-1.4853125,7.7605625,0.0
-1.0493124999999999,-1.48553125,7.76715625,0.0
-1.0505,-1.48575,7.77375,0.0
-1.0516874999999999,-1.48596875,7.78034375,0.0
-1.052875,-1.4861875,7.7869375000000005,0.0
-1.0540625,-1.48640625,7.79353125,0.0
-1.05525,-1.486625,7.800125,0.0
-1.0564375,-1.48684375,7.80671875,0.0
-1.057625,-1.4870625,7.8133125,0.0
-1.0588125,-1.48728125,7.81990625,0.0
-1.06,-1.4875,7.8265,0.0
-1.0611875,-1.48771875,7.833093750000001,0.0
-1.0623749999999998,-1.4879375000000001,7.8396875,0.0
-1.0635625,-1.48815625,7.8462812500000005,0.0
-1.0647499999999999,-1.488375,7.852875,0.0
-1.0659375,-1.4885937500000002,7.8594687500000004,0.0
-1.0671249999999999,-1.4888125,7.8660625,0.0
-1.0683125,-1.48903125,7.87265625,0.0
-1.0695,-1.4892500000000002,7.879250000000001,0.0
-1.0706875,-1.4894687500000001,7.88584375,0.0
-1.071875,-1.4896875,7.892437500000001,0.0
-1.0730625,-1.48990625,7.89903125,0.0
-1.07425,-1.4901250000000001,7.905625000000001,0.0
-1.0754375,-1.49034375,7.91221875,0.0
-1.076625,-1.4905625,7.9188125000000005,0.0
-1.0778125,-1.4907812500000002,7.92540625,0.0
-1.079,-1.491,7.932,0.0
-1.07959375,-1.4915312500000002,7.9355,0.0
-1.0801875,-1.4920625,7.939,0.0
-1.08078125,-1.4925937500000002,7.942500000000001,0.0
-1.081375,-1.493125,7.946000000000001,0.0
-1.08196875,-1.4936562500000001,7.9495000000000005,0.0
-1.0825624999999999,-1.4941875,7.953,0.0
-1.08315625,-1.49471875,7.9565,0.0
-1.08375,-1.49525,7.960000000000001,0.0
-1.08434375,-1.49578125,7.963500000000001,0.0
-1.0849375,-1.4963125000000002,7.9670000000000005,0.0
-1.08553125,-1.49684375,7.9705,0.0
-1.086125,-1.4973750000000001,7.974,0.0
-1.08671875,-1.49790625,7.9775,0.0
-1.0873125,-1.4984375,7.981000000000001,0.0
-1.08790625,-1.49896875,7.984500000000001,0.0
-1.0885,-1.4995,7.988,0.0
-1.08909375,-1.5000312500000001,7.9915,0.0
-1.0896875000000001,-1.5005625,7.995,0.0
-1.09028125,-1.5010937500000001,7.998500000000001,0.0
-1.090875,-1.501625,8.002,0.0
-1.09146875,-1.50215625,8.0055,0.0
-1.0920625,-1.5026875,8.009,0.0
-1.09265625,-1.50321875,8.012500000000001,0.0
-1.09325,-1.5037500000000001,8.016,0.0
-1.09384375,-1.50428125,8.0195,0.0
-1.0944375000000002,-1.5048125,8.023,0.0
-1.0950312500000001,-1.50534375,8.0265,0.0
-1.095625,-1.505875,8.030000000000001,0.0
-1.09621875,-1.50640625,8.0335,0.0
-1.0968125,-1.5069375,8.037,0.0
-1.0974062500000001,-1.50746875,8.0405,0.0
-1.098,-1.508,8.044,0.0
-1.098375,-1.50859375,8.050968750000001,0.0
-1.0987500000000001,-1.5091875,8.057937500000001,0.0
-1.0991250000000001,-1.50978125,8.06490625,0.0
-1.0995000000000001,-1.510375,8.071875,0.0
-1.0998750000000002,-1.51096875,8.07884375,0.0
-1.1002500000000002,-1.5115625,8.0858125,0.0
-1.1006250000000002,-1.51215625,8.09278125,0.0
-1.101,-1.51275,8.09975,0.0
-1.101375,-1.51334375,8.10671875,0.0
-1.10175,-1.5139375,8.113687500000001,0.0
-1.102125,-1.5145312499999999,8.12065625,0.0
-1.1025,-1.515125,8.127625,0.0
-1.102875,-1.51571875,8.13459375,0.0
-1.10325,-1.5163125,8.1415625,0.0
-1.103625,-1.51690625,8.14853125,0.0
-1.104,-1.5175,8.1555,0.0
-1.104375,-1.51809375,8.16246875,0.0
-1.1047500000000001,-1.5186875,8.1694375,0.0
-1.1051250000000001,-1.51928125,8.17640625,0.0
-1.1055000000000001,-1.5198749999999999,8.183375,0.0
-1.1058750000000002,-1.52046875,8.19034375,0.0
-1.1062500000000002,-1.5210625,8.197312499999999,0.0
-1.1066250000000002,-1.52165625,8.20428125,0.0
-1.1070000000000002,-1.5222499999999999,8.21125,0.0
-1.107375,-1.5228437499999998,8.21821875,0.0
-1.10775,-1.5234375,8.2251875,0.0
-1.108125,-1.52403125,8.23215625,0.0
-1.1085,-1.524625,8.239125,0.0
-1.108875,-1.5252187499999998,8.24609375,0.0
-1.10925,-1.5258125,8.253062499999999,0.0
-1.109625,-1.52640625,8.260031249999999,0.0
-1.11,-1.527,8.267,0.0
-1.1106250000000002,-1.52715625,8.2708125,0.0
-1.11125,-1.5273124999999999,8.274625,0.0
-1.1118750000000002,-1.52746875,8.278437499999999,0.0
-1.1125,-1.527625,8.28225,0.0
-1.1131250000000001,-1.5277812499999999,8.2860625,0.0
-1.11375,-1.5279375,8.289874999999999,0.0
-1.1143750000000001,-1.52809375,8.293687499999999,0.0
-1.115,-1.5282499999999999,8.2975,0.0
-1.115625,-1.52840625,8.3013125,0.0
-1.11625,-1.5285625,8.305125,0.0
-1.116875,-1.52871875,8.308937499999999,0.0
-1.1175,-1.528875,8.31275,0.0
-1.118125,-1.52903125,8.3165625,0.0
-1.11875,-1.5291875,8.320374999999999,0.0
-1.119375,-1.52934375,8.324187499999999,0.0
-1.12,-1.5295,8.328,0.0
-1.120625,-1.52965625,8.3318125,0.0
-1.12125,-1.5298125,8.335625,0.0
-1.121875,-1.5299687499999999,8.339437499999999,0.0
-1.1225,-1.530125,8.34325,0.0
-1.123125,-1.53028125,8.3470625,0.0
-1.12375,-1.5304375,8.350874999999998,0.0
-1.124375,-1.53059375,8.354687499999999,0.0
-1.125,-1.53075,8.3585,0.0
-1.1256249999999999,-1.53090625,8.3623125,0.0
-1.12625,-1.5310625,8.366125,0.0
-1.1268749999999998,-1.53121875,8.369937499999999,0.0
-1.1275,-1.531375,8.37375,0.0
-1.1281249999999998,-1.53153125,8.3775625,0.0
-1.12875,-1.5316875,8.381374999999998,0.0
-1.1293749999999998,-1.53184375,8.385187499999999,0.0
-1.13,-1.532,8.389,0.0
-1.1292499999999999,-1.53184375,8.39596875,0.0
-1.1284999999999998,-1.5316875,8.4029375,0.0
-1.1277499999999998,-1.53153125,8.409906249999999,0.0
-1.127,-1.531375,8.416875,0.0
-1.12625,-1.53121875,8.42384375,0.0
-1.1255,-1.5310625,8.4308125,0.0
-1.12475,-1.53090625,8.437781249999999,0.0
-1.1239999999999999,-1.53075,8.444749999999999,0.0
-1.1232499999999999,-1.53059375,8.45171875,0.0
-1.1225,-1.5304375,8.4586875,0.0
-1.12175,-1.53028125,8.46565625,0.0
-1.121,-1.530125,8.472624999999999,0.0
-1.12025,-1.5299687499999999,8.47959375,0.0
-1.1195,-1.5298125,8.4865625,0.0
-1.11875,-1.52965625,8.49353125,0.0
-1.1179999999999999,-1.5295,8.500499999999999,0.0
-1.11725,-1.52934375,8.50746875,0.0
-1.1165,-1.5291875,8.5144375,0.0
-1.11575,-1.52903125,8.52140625,0.0
-1.115,-1.528875,8.528375,0.0
-1.11425,-1.52871875,8.53534375,0.0
-1.1135,-1.5285625,8.5423125,0.0
-1.1127500000000001,-1.52840625,8.54928125,0.0
-1.112,-1.5282499999999999,8.55625,0.0
-1.11125,-1.52809375,8.56321875,0.0
-1.1105,-1.5279375,8.5701875,0.0
-1.10975,-1.5277812499999999,8.57715625,0.0
-1.109,-1.527625,8.584125,0.0
-1.1082500000000002,-1.52746875,8.59109375,0.0
-1.1075000000000002,-1.5273124999999999,8.5980625,0.0
-1.1067500000000001,-1.52715625,8.60503125,0.0
-1.106,-1.527,8.612,0.0
-1.10553125,-1.5275937499999999,8.618125000000001,0.0
-1.1050625,-1.5281875,8.62425,0.0
-1.10459375,-1.52878125,8.630375,0.0
-1.104125,-1.529375,8.6365,0.0
-1.10365625,-1.5299687499999999,8.642625,0.0
-1.1031875,-1.5305624999999998,8.64875,0.0
-1.10271875,-1.53115625,8.654875,0.0
-1.1022500000000002,-1.53175,8.661,0.0
-1.1017812500000002,-1.53234375,8.667125,0.0
-1.1013125000000001,-1.5329375,8.67325,0.0
-1.1008437500000001,-1.53353125,8.679375,0.0
-1.100375,-1.534125,8.6855,0.0
-1.09990625,-1.53471875,8.691625,0.0
-1.0994375,-1.5353124999999999,8.69775,0.0
-1.09896875,-1.53590625,8.703875,0.0
-1.0985,-1.5365,8.71,0.0
-1.09803125,-1.53709375,8.716125,0.0
-1.0975625,-1.5376875,8.72225,0.0
-1.09709375,-1.53828125,8.728375,0.0
-1.096625,-1.538875,8.7345,0.0
-1.09615625,-1.53946875,8.740625,0.0
-1.0956875,-1.5400625,8.74675,0.0
-1.09521875,-1.54065625,8.752875,0.0
-1.09475,-1.54125,8.759,0.0
-1.09428125,-1.54184375,8.765125,0.0
-1.0938125,-1.5424375000000001,8.77125,0.0
-1.09334375,-1.54303125,8.777375,0.0
-1.092875,-1.543625,8.7835,0.0
-1.09240625,-1.54421875,8.789625,0.0
-1.0919375,-1.5448125,8.79575,0.0
-1.09146875,-1.54540625,8.801874999999999,0.0
-1.091,-1.546,8.808,0.0
-1.09003125,-1.54771875,8.813,0.0
-1.0890625,-1.5494375,8.818,0.0
-1.08809375,-1.55115625,8.823,0.0
-1.087125,-1.552875,8.828,0.0
-1.08615625,-1.55459375,8.833,0.0
-1.0851875,-1.5563125,8.838,0.0
-1.08421875,-1.55803125,8.843,0.0
-1.08325,-1.55975,8.847999999999999,0.0
-1.08228125,-1.56146875,8.853,0.0
-1.0813125,-1.5631875,8.858,0.0
-1.08034375,-1.56490625,8.863,0.0
-1.079375,-1.566625,8.868,0.0
-1.07840625,-1.56834375,8.873,0.0
-1.0774375,-1.5700625,8.878,0.0
-1.07646875,-1.57178125,8.883,0.0
-1.0755,-1.5735000000000001,8.888,0.0
-1.07453125,-1.5752187500000001,8.893,0.0
-1.0735625,-1.5769375,8.898,0.0
-1.07259375,-1.57865625,8.903,0.0
-1.071625,-1.580375,8.908,0.0
-1.07065625,-1.58209375,8.913,0.0
-1.0696875000000001,-1.5838125,8.918,0.0
-1.06871875,-1.58553125,8.923,0.0
-1.06775,-1.58725,8.928,0.0
-1.06678125,-1.58896875,8.933,0.0
-1.0658125,-1.5906875,8.938,0.0
-1.06484375,-1.59240625,8.943,0.0
-1.0638750000000001,-1.594125,8.948,0.0
-1.06290625,-1.59584375,8.953,0.0
-1.0619375,-1.5975625,8.958,0.0
-1.06096875,-1.59928125,8.963,0.0
-1.06,-1.601,8.968,0.0
-1.05971875,-1.60184375,8.9701875,0.0
-1.0594375,-1.6026875,8.972375,0.0
-1.05915625,-1.60353125,8.9745625,0.0
-1.058875,-1.6043749999999999,8.97675,0.0
-1.05859375,-1.60521875,8.9789375,0.0
-1.0583125,-1.6060625,8.981125,0.0
-1.05803125,-1.60690625,8.9833125,0.0
-1.05775,-1.60775,8.9855,0.0
-1.05746875,-1.60859375,8.9876875,0.0
-1.0571875,-1.6094374999999999,8.989875,0.0
-1.05690625,-1.6102812499999999,8.9920625,0.0
-1.056625,-1.611125,8.994250000000001,0.0
-1.05634375,-1.61196875,8.9964375,0.0
-1.0560625,-1.6128125,8.998625,0.0
-1.05578125,-1.61365625,9.0008125,0.0
-1.0554999999999999,-1.6145,9.003,0.0
-1.05521875,-1.6153437499999999,9.0051875,0.0
-1.0549375,-1.6161874999999999,9.007375,0.0
-1.05465625,-1.61703125,9.0095625,0.0
-1.054375,-1.617875,9.01175,0.0
-1.05409375,-1.61871875,9.0139375,0.0
-1.0538125,-1.6195625,9.016125,0.0
-1.05353125,-1.6204062499999998,9.0183125,0.0
-1.05325,-1.6212499999999999,9.0205,0.0
-1.05296875,-1.62209375,9.0226875,0.0
-1.0526875,-1.6229375,9.024875,0.0
-1.05240625,-1.62378125,9.0270625,0.0
-1.052125,-1.624625,9.029250000000001,0.0
-1.05184375,-1.6254687499999998,9.031437500000001,0.0
-1.0515625,-1.6263124999999998,9.033625,0.0
-1.05128125,-1.6271562499999999,9.0358125,0.0
-1.051,-1.628,9.038,0.0
-1.04971875,-1.62940625,9.0410625,0.0
-1.0484375,-1.6308125,9.044125000000001,0.0
-1.04715625,-1.6322187499999998,9.0471875,0.0
-1.0458749999999999,-1.6336249999999999,9.05025,0.0
-1.04459375,-1.63503125,9.0533125,0.0
-1.0433124999999999,-1.6364375,9.056375,0.0
-1.04203125,-1.6378437499999998,9.0594375,0.0
-1.04075,-1.6392499999999999,9.0625,0.0
-1.03946875,-1.64065625,9.0655625,0.0
-1.0381875,-1.6420625,9.068625,0.0
-1.03690625,-1.64346875,9.0716875,0.0
-1.035625,-1.6448749999999999,9.07475,0.0
-1.03434375,-1.64628125,9.0778125,0.0
-1.0330625,-1.6476875,9.080874999999999,0.0
-1.0317812499999999,-1.64909375,9.0839375,0.0
-1.0305,-1.6505,9.087,0.0
-1.02921875,-1.65190625,9.0900625,0.0
-1.0279375,-1.6533125,9.093125,0.0
-1.02665625,-1.65471875,9.0961875,0.0
-1.025375,-1.656125,9.09925,0.0
-1.02409375,-1.65753125,9.1023125,0.0
-1.0228125,-1.6589375,9.105374999999999,0.0
-1.02153125,-1.66034375,9.108437499999999,0.0
-1.0202499999999999,-1.66175,9.1115,0.0
-1.01896875,-1.6631562500000001,9.1145625,0.0
-1.0176875,-1.6645625,9.117625,0.0
-1.01640625,-1.66596875,9.120687499999999,0.0
-1.015125,-1.667375,9.12375,0.0
-1.01384375,-1.66878125,9.1268125,0.0
-1.0125625,-1.6701875,9.129874999999998,0.0
-1.01128125,-1.67159375,9.132937499999999,0.0
-1.01,-1.673,9.136,0.0
-1.008875,-1.6749375,9.13878125,0.0
-1.00775,-1.6768750000000001,9.1415625,0.0
-1.006625,-1.6788125,9.144343749999999,0.0
-1.0055,-1.68075,9.147124999999999,0.0
-1.004375,-1.6826875000000001,9.149906249999999,0.0
-1.00325,-1.684625,9.152687499999999,0.0
-1.002125,-1.6865625,9.155468749999999,0.0
-1.001,-1.6885000000000001,9.158249999999999,0.0
-0.999875,-1.6904375,9.161031249999999,0.0
-0.99875,-1.692375,9.163812499999999,0.0
-0.997625,-1.6943125,9.166593749999999,0.0
-0.9964999999999999,-1.69625,9.169374999999999,0.0
-0.995375,-1.6981875,9.172156249999999,0.0
-0.99425,-1.700125,9.174937499999999,0.0
-0.993125,-1.7020625,9.177718749999999,0.0
-0.992,-1.7040000000000002,9.180499999999999,0.0
-0.990875,-1.7059375,9.18328125,0.0
-0.98975,-1.707875,9.1860625,0.0
-0.988625,-1.7098125000000002,9.18884375,0.0
-0.9875,-1.71175,9.191625,0.0
-0.986375,-1.7136875,9.19440625,0.0
-0.98525,-1.7156250000000002,9.1971875,0.0
-0.984125,-1.7175625,9.19996875,0.0
-0.983,-1.7195,9.20275,0.0
-0.9818749999999999,-1.7214375000000002,9.20553125,0.0
-0.98075,-1.723375,9.2083125,0.0
-0.979625,-1.7253125,9.21109375,0.0
-0.9784999999999999,-1.7272500000000002,9.213875,0.0
-0.977375,-1.7291875,9.21665625,0.0
-0.97625,-1.731125,9.2194375,0.0
-0.975125,-1.7330625000000002,9.22221875,0.0
-0.974,-1.735,9.225,0.0
-0.97309375,-1.73596875,9.2258125,0.0
-0.9721875,-1.7369375,9.226625,0.0
-0.97128125,-1.73790625,9.227437499999999,0.0
-0.970375,-1.7388750000000002,9.22825,0.0
-0.96946875,-1.7398437500000001,9.2290625,0.0
-0.9685625,-1.7408125,9.229875,0.0
-0.96765625,-1.74178125,9.2306875,0.0
-0.96675,-1.74275,9.2315,0.0
-0.96584375,-1.74371875,9.232312499999999,0.0
-0.9649375,-1.7446875000000002,9.233125,0.0
-0.96403125,-1.7456562500000001,9.2339375,0.0
-0.963125,-1.746625,9.23475,0.0
-0.96221875,-1.74759375,9.2355625,0.0
-0.9613125,-1.7485625,9.236374999999999,0.0
-0.96040625,-1.74953125,9.2371875,0.0
-0.9595,-1.7505000000000002,9.238,0.0
-0.9585937499999999,-1.7514687500000001,9.2388125,0.0
-0.9576874999999999,-1.7524375,9.239625,0.0
-0.9567812499999999,-1.75340625,9.240437499999999,0.0
-0.9558749999999999,-1.754375,9.241249999999999,0.0
-0.9549687499999999,-1.75534375,9.2420625,0.0
-0.9540624999999999,-1.7563125,9.242875,0.0
-0.9531562499999999,-1.7572812500000001,9.2436875,0.0
-0.9522499999999999,-1.75825,9.244499999999999,0.0
-0.9513437499999999,-1.75921875,9.245312499999999,0.0
-0.9504374999999999,-1.7601875,9.246125,0.0
-0.9495312499999999,-1.76115625,9.2469375,0.0
-0.9486249999999999,-1.762125,9.24775,0.0
-0.9477187499999999,-1.7630937500000001,9.2485625,0.0
-0.9468125,-1.7640625,9.249374999999999,0.0
-0.94590625,-1.76503125,9.2501875,0.0
-0.945,-1.766,9.251,0.0
-0.9421562499999999,-1.770125,9.25384375,0.0
-0.9393125,-1.77425,9.2566875,0.0
-0.93646875,-1.778375,9.25953125,0.0
-0.9336249999999999,-1.7825,9.262374999999999,0.0
-0.93078125,-1.786625,9.265218749999999,0.0
-0.9279375,-1.79075,9.2680625,0.0
-0.9250937499999999,-1.794875,9.27090625,0.0
-0.92225,-1.799,9.27375,0.0
-0.91940625,-1.803125,9.27659375,0.0
-0.9165625,-1.80725,9.2794375,0.0
-0.9137187499999999,-1.811375,9.28228125,0.0
-0.910875,-1.8155,9.285125,0.0
-0.90803125,-1.819625,9.28796875,0.0
-0.9051874999999999,-1.82375,9.2908125,0.0
-0.90234375,-1.827875,9.29365625,0.0
-0.8995,-1.8319999999999999,9.2965,0.0
-0.8966562499999999,-1.836125,9.29934375,0.0
-0.8938125,-1.84025,9.3021875,0.0
-0.89096875,-1.8443749999999999,9.30503125,0.0
-0.8881249999999999,-1.8485,9.307875,0.0
-0.88528125,-1.852625,9.31071875,0.0
-0.8824375,-1.85675,9.3135625,0.0
-0.87959375,-1.860875,9.31640625,0.0
-0.8767499999999999,-1.865,9.31925,0.0
-0.87390625,-1.869125,9.32209375,0.0
-0.8710625,-1.8732499999999999,9.3249375,0.0
-0.86821875,-1.877375,9.327781250000001,0.0
-0.865375,-1.8815,9.330625000000001,0.0
-0.86253125,-1.8856249999999999,9.33346875,0.0
-0.8596874999999999,-1.8897499999999998,9.3363125,0.0
-0.85684375,-1.893875,9.33915625,0.0
-0.854,-1.898,9.342,0.0
-0.854,-1.898,9.342,0.0
-0.854,-1.898,9.342,0.0
-0.854,-1.898,9.342,0.0
-0.854,-1.898,9.342,0.0
-0.854,-1.898,9.342,0.0
-0.854,-1.898,9.342,0.0
-0.854,-1.898,9.342,0.0
-0.854,-1.898,9.342,0.0
-0.854,-1.898,9.342,0.0
-0.854,-1.898,9.342,0.0
-0.854,-1.898,9.342,0.0
-0.854,-1.898,9.342,0.0
-0.854,-1.898,9.342,0.0
-0.854,-1.898,9.342,0.0
-0.854,-1.898,9.342,0.0
-0.854,-1.898,9.342,0.0
-0.854,-1.898,9.342,0.0
-0.854,-1.898,9.342,0.0
-0.854,-1.898,9.342,0.0
-0.854,-1.898,9.342,0.0
-0.854,-1.898,9.342,0.0
-0.854,-1.898,9.342,0.0
-0.854,-1.898,9.342,0.0
-0.854,-1.898,9.342,0.0
-0.854,-1.898,9.342,0.0
-0.854,-1.898,9.342,0.0
-0.854,-1.898,9.342,0.0
-0.854,-1.898,9.342,0.0
-0.854,-1.898,9.342,0.0
-0.854,-1.898,9.342,0.0
-0.854,-1.898,9.342,0.0
-0.854,-1.898,9.342,0.0
-0.8535625,-1.8990624999999999,9.34146875,0.0
-0.853125,-1.9001249999999998,9.3409375,0.0
-0.8526874999999999,-1.9011874999999998,9.340406250000001,0.0
-0.85225,-1.90225,9.339875000000001,0.0
-0.8518125,-1.9033125,9.339343750000001,0.0
-0.851375,-1.904375,9.3388125,0.0
-0.8509375,-1.9054375,9.33828125,0.0
-0.8505,-1.9064999999999999,9.33775,0.0
-0.8500624999999999,-1.9075624999999998,9.33721875,0.0
-0.849625,-1.908625,9.3366875,0.0
-0.8491875,-1.9096875,9.33615625,0.0
-0.84875,-1.91075,9.335625,0.0
-0.8483125,-1.9118125,9.33509375,0.0
-0.8478749999999999,-1.9128749999999999,9.3345625,0.0
-0.8474375,-1.9139374999999998,9.33403125,0.0
-0.847,-1.915,9.3335,0.0
-0.8465625,-1.9160625,9.33296875,0.0
-0.846125,-1.917125,9.3324375,0.0
-0.8456874999999999,-1.9181875,9.33190625,0.0
-0.84525,-1.91925,9.331375,0.0
-0.8448125,-1.9203124999999999,9.33084375,0.0
-0.844375,-1.9213749999999998,9.3303125,0.0
-0.8439375,-1.9224375,9.32978125,0.0
-0.8434999999999999,-1.9235,9.32925,0.0
-0.8430624999999999,-1.9245625,9.32871875,0.0
-0.842625,-1.925625,9.3281875,0.0
-0.8421875,-1.9266874999999999,9.327656249999999,0.0
-0.84175,-1.9277499999999999,9.327124999999999,0.0
-0.8413125,-1.9288125,9.326593749999999,0.0
-0.8408749999999999,-1.929875,9.326062499999999,0.0
-0.8404375,-1.9309375,9.32553125,0.0
-0.84,-1.932,9.325,0.0
-0.8388749999999999,-1.933875,9.325687499999999,0.0
-0.83775,-1.9357499999999999,9.326374999999999,0.0
-0.836625,-1.937625,9.327062499999998,0.0
-0.8355,-1.9395,9.32775,0.0
-0.834375,-1.9413749999999999,9.3284375,0.0
-0.8332499999999999,-1.94325,9.329125,0.0
-0.832125,-1.945125,9.3298125,0.0
-0.831,-1.947,9.330499999999999,0.0
-0.829875,-1.948875,9.331187499999999,0.0
-0.82875,-1.95075,9.331875,0.0
-0.8276249999999999,-1.952625,9.3325625,0.0
-0.8265,-1.9545,9.33325,0.0
-0.825375,-1.956375,9.3339375,0.0
-0.82425,-1.95825,9.334624999999999,0.0
-0.823125,-1.960125,9.335312499999999,0.0
-0.8220000000000001,-1.962,9.335999999999999,0.0
-0.820875,-1.963875,9.3366875,0.0
-0.81975,-1.9657499999999999,9.337375,0.0
-0.818625,-1.967625,9.3380625,0.0
-0.8175,-1.9695,9.33875,0.0
-0.8163750000000001,-1.9713749999999999,9.339437499999999,0.0
-0.81525,-1.97325,9.340124999999999,0.0
-0.814125,-1.975125,9.3408125,0.0
-0.8130000000000001,-1.9769999999999999,9.3415,0.0
-0.811875,-1.978875,9.3421875,0.0
-0.8107500000000001,-1.98075,9.342875,0.0
-0.809625,-1.982625,9.343562499999999,0.0
-0.8085,-1.9845,9.344249999999999,0.0
-0.8073750000000001,-1.986375,9.3449375,0.0
-0.80625,-1.98825,9.345625,0.0
-0.8051250000000001,-1.990125,9.3463125,0.0
-0.804,-1.992,9.347,0.0
-0.8325,-2.063,10.503812499999999,0.0
-0.861,-2.134,11.660625,0.0
-0.8895000000000001,-2.205,12.8174375,0.0
-0.918,-2.276,13.97425,0.0
-0.9465,-2.347,15.131062499999999,0.0
-0.9750000000000001,-2.418,16.287875,0.0
-1.0035,-2.489,17.4446875,0.0
-1.032,-2.56,18.6015,0.0
-1.0605,-2.6310000000000002,19.758312500000002,0.0
-1.089,-2.702,20.915125,0.0
-1.1175000000000002,-2.773,22.071937499999997,0.0
-1.146,-2.8440000000000003,23.228749999999998,0.0
-1.1745,-2.915,24.3855625,0.0
-1.203,-2.986,25.542375,0.0
-1.2315,-3.0570000000000004,26.6991875,0.0
-1.26,-3.128,27.856,0.0
-1.2885,-3.199,29.012812500000003,0.0
-1.317,-3.27,30.169625000000003,0.0
-1.3455,-3.341,31.326437499999997,0.0
-1.374,-3.412,32.48325,0.0
-1.4024999999999999,-3.483,33.6400625,0.0
-1.431,-3.5540000000000003,34.796875,0.0
-1.4595,-3.625,35.9536875,0.0
-1.488,-3.696,37.1105,0.0
-1.5165,-3.7670000000000003,38.2673125,0.0
-1.545,-3.838,39.424125000000004,0.0
-1.5735000000000001,-3.9090000000000003,40.5809375,0.0
-1.6019999999999999,-3.9800000000000004,41.73775,0.0
-1.6305,-4.051,42.8945625,0.0
-1.659,-4.122,44.051375,0.0
-1.6875,-4.193,45.2081875,0.0
-1.716,-4.264,46.365,0.0
-1.71921875,-4.24475,46.108281250000005,0.0
-1.7224375,-4.2255,45.8515625,0.0
-1.72565625,-4.20625,45.59484375,0.0
-1.728875,-4.187,45.338125000000005,0.0
-1.73209375,-4.16775,45.08140625,0.0
-1.7353125,-4.1485,44.8246875,0.0
-1.7385312499999999,-4.12925,44.56796875,0.0
-1.74175,-4.11,44.31125,0.0
-1.74496875,-4.09075,44.054531250000004,0.0
-1.7481875,-4.0715,43.7978125,0.0
-1.75140625,-4.05225,43.54109375,0.0
-1.7546249999999999,-4.033,43.284375,0.0
-1.75784375,-4.01375,43.02765625,0.0
-1.7610625,-3.9945000000000004,42.7709375,0.0
-1.76428125,-3.97525,42.51421875,0.0
-1.7675,-3.9560000000000004,42.2575,0.0
-1.77071875,-3.93675,42.00078125,0.0
-1.7739375,-3.9175000000000004,41.7440625,0.0
-1.77715625,-3.89825,41.48734375,0.0
-1.780375,-3.879,41.230625,0.0
-1.7835937499999999,-3.85975,40.97390625,0.0
-1.7868125,-3.8405,40.7171875,0.0
-1.79003125,-3.82125,40.46046875,0.0
-1.79325,-3.802,40.20375,0.0
-1.7964687499999998,-3.78275,39.94703125,0.0
-1.7996874999999999,-3.7635,39.6903125,0.0
-1.80290625,-3.74425,39.43359375,0.0
-1.806125,-3.725,39.176874999999995,0.0
-1.80934375,-3.70575,38.92015625,0.0
-1.8125624999999999,-3.6865,38.6634375,0.0
-1.81578125,-3.66725,38.406718749999996,0.0
-1.819,-3.648,38.15,0.0
-1.81909375,-3.6016875,37.555156249999996,0.0
-1.8191875,-3.555375,36.9603125,0.0
-1.81928125,-3.5090625,36.36546875,0.0
-1.819375,-3.46275,35.770624999999995,0.0
-1.81946875,-3.4164375000000002,35.17578125,0.0
-1.8195625,-3.3701250000000003,34.5809375,0.0
-1.81965625,-3.3238125,33.986093749999995,0.0
-1.81975,-3.2775,33.39125,0.0
-1.81984375,-3.2311875,32.79640625,0.0
-1.8199375,-3.184875,32.2015625,0.0
-1.82003125,-3.1385625,31.60671875,0.0
-1.820125,-3.09225,31.011874999999996,0.0
-1.82021875,-3.0459375,30.417031249999997,0.0
-1.8203125,-2.999625,29.8221875,0.0
-1.82040625,-2.9533125,29.22734375,0.0
-1.8205,-2.907,28.6325,0.0
-1.82059375,-2.8606875,28.037656249999998,0.0
-1.8206875,-2.814375,27.4428125,0.0
-1.82078125,-2.7680625,26.84796875,0.0
-1.820875,-2.72175,26.253124999999997,0.0
-1.82096875,-2.6754375,25.658281249999998,0.0
-1.8210625,-2.629125,25.0634375,0.0
-1.82115625,-2.5828125,24.468593749999997,0.0
-1.82125,-2.5365,23.873749999999998,0.0
-1.82134375,-2.4901875,23.27890625,0.0
-1.8214375,-2.4438750000000002,22.684062499999996,0.0
-1.82153125,-2.3975625000000003,22.089218749999997,0.0
-1.821625,-2.35125,21.494374999999998,0.0
-1.82171875,-2.3049375,20.89953125,0.0
-1.8218125,-2.258625,20.3046875,0.0
-1.82190625,-2.2123125,19.709843749999997,0.0
-1.822,-2.166,19.115,0.0
-1.7940625000000001,-2.13278125,18.83990625,0.0
-1.7661250000000002,-2.0995624999999998,18.5648125,0.0
-1.7381875,-2.0663437499999997,18.28971875,0.0
-1.71025,-2.033125,18.014625,0.0
-1.6823125,-1.99990625,17.73953125,0.0
-1.6543750000000002,-1.9666875,17.4644375,0.0
-1.6264375,-1.9334687499999998,17.18934375,0.0
-1.5985,-1.90025,16.91425,0.0
-1.5705625,-1.86703125,16.63915625,0.0
-1.5426250000000001,-1.8338125,16.3640625,0.0
-1.5146875,-1.80059375,16.08896875,0.0
-1.48675,-1.767375,15.813875,0.0
-1.4588125,-1.7341562499999998,15.53878125,0.0
-1.4308750000000001,-1.7009375,15.2636875,0.0
-1.4029375000000002,-1.66771875,14.98859375,0.0
-1.375,-1.6345,14.7135,0.0
-1.3470625,-1.60128125,14.43840625,0.0
-1.319125,-1.5680625,14.1633125,0.0
-1.2911875,-1.5348437499999998,13.88821875,0.0
-1.2632500000000002,-1.501625,13.613125,0.0
-1.2353125,-1.46840625,13.33803125,0.0
-1.207375,-1.4351875,13.0629375,0.0
-1.1794375000000001,-1.40196875,12.78784375,0.0
-1.1515,-1.36875,12.512749999999999,0.0
-1.1235625,-1.3355312499999998,12.237656249999999,0.0
-1.095625,-1.3023125,11.962562499999999,0.0
-1.0676875,-1.2690937500000001,11.687468749999999,0.0
-1.0397500000000002,-1.235875,11.412374999999999,0.0
-1.0118125,-1.20265625,11.13728125,0.0
-0.983875,-1.1694375,10.8621875,0.0
-0.9559375,-1.13621875,10.58709375,0.0
-0.928,-1.103,10.312,0.0
-0.91678125,-1.095,10.280406249999999,0.0
-0.9055625,-1.087,10.2488125,0.0
-0.89434375,-1.079,10.217218749999999,0.0
-0.883125,-1.071,10.185625,0.0
-0.87190625,-1.063,10.15403125,0.0
-0.8606875,-1.055,10.1224375,0.0
-0.84946875,-1.047,10.09084375,0.0
-0.83825,-1.039,10.059249999999999,0.0
-0.82703125,-1.031,10.02765625,0.0
-0.8158125,-1.023,9.996062499999999,0.0
-0.80459375,-1.015,9.96446875,0.0
-0.7933749999999999,-1.007,9.932875,0.0
-0.78215625,-0.999,9.90128125,0.0
-0.7709375,-0.991,9.8696875,0.0
-0.75971875,-0.983,9.83809375,0.0
-0.7484999999999999,-0.975,9.8065,0.0
-0.73728125,-0.967,9.774906249999999,0.0
-0.7260625,-0.959,9.7433125,0.0
-0.71484375,-0.951,9.71171875,0.0
-0.703625,-0.943,9.680125,0.0
-0.69240625,-0.9349999999999999,9.64853125,0.0
-0.6811875,-0.927,9.6169375,0.0
-0.66996875,-0.919,9.58534375,0.0
-0.65875,-0.911,9.55375,0.0
-0.6475312499999999,-0.903,9.52215625,0.0
-0.6363125,-0.895,9.4905625,0.0
-0.62509375,-0.887,9.45896875,0.0
-0.613875,-0.879,9.427375,0.0
-0.6026562499999999,-0.871,9.39578125,0.0
-0.5914375,-0.863,9.3641875,0.0
-0.58021875,-0.855,9.332593750000001,0.0
-0.569,-0.847,9.301,0.0
-0.5663125,-0.84721875,9.245625,0.0
-0.5636249999999999,-0.8474375,9.19025,0.0
-0.5609375,-0.84765625,9.134875000000001,0.0
-0.5582499999999999,-0.8478749999999999,9.0795,0.0
-0.5555625,-0.84809375,9.024125,0.0
-0.552875,-0.8483125,8.96875,0.0
-0.5501874999999999,-0.84853125,8.913375,0.0
-0.5475,-0.84875,8.858,0.0
-0.5448124999999999,-0.8489687499999999,8.802625,0.0
-0.542125,-0.8491875,8.74725,0.0
-0.5394375,-0.84940625,8.691875,0.0
-0.53675,-0.849625,8.6365,0.0
-0.5340625,-0.84984375,8.581125,0.0
-0.5313749999999999,-0.8500624999999999,8.52575,0.0
-0.5286875,-0.85028125,8.470375,0.0
-0.526,-0.8505,8.415,0.0
-0.5233125,-0.85071875,8.359625,0.0
-0.520625,-0.8509375,8.30425,0.0
-0.5179374999999999,-0.85115625,8.248875,0.0
-0.51525,-0.851375,8.1935,0.0
-0.5125625,-0.8515937499999999,8.138125,0.0
-0.509875,-0.8518125,8.08275,0.0
-0.5071875,-0.85203125,8.027375,0.0
-0.5045,-0.85225,7.9719999999999995,0.0
-0.5018125,-0.85246875,7.916625,0.0
-0.499125,-0.8526874999999999,7.86125,0.0
-0.4964375,-0.85290625,7.805875,0.0
-0.49374999999999997,-0.853125,7.7505,0.0
-0.49106249999999996,-0.85334375,7.695125,0.0
-0.488375,-0.8535625,7.639749999999999,0.0
-0.4856875,-0.8537812499999999,7.584375,0.0
-0.483,-0.854,7.529,0.0
-0.49124999999999996,-0.89090625,7.7376249999999995,0.0
-0.4995,-0.9278124999999999,7.94625,0.0
-0.50775,-0.96471875,8.154875,0.0
-0.516,-1.001625,8.3635,0.0
-0.52425,-1.03853125,8.572125,0.0
-0.5325,-1.0754375,8.78075,0.0
-0.54075,-1.11234375,8.989374999999999,0.0
-0.5489999999999999,-1.1492499999999999,9.198,0.0
-0.55725,-1.18615625,9.406625,0.0
-0.5655,-1.2230625,9.61525,0.0
-0.57375,-1.25996875,9.823875000000001,0.0
-0.582,-1.296875,10.032499999999999,0.0
-0.5902499999999999,-1.33378125,10.241125,0.0
-0.5985,-1.3706874999999998,10.44975,0.0
-0.60675,-1.40759375,10.658375,0.0
-0.615,-1.4445000000000001,10.867,0.0
-0.62325,-1.48140625,11.075625,0.0
-0.6315,-1.5183125,11.28425,0.0
-0.63975,-1.5552187499999999,11.492875,0.0
-0.648,-1.592125,11.7015,0.0
-0.65625,-1.6290312500000002,11.910125,0.0
-0.6645,-1.6659375,12.11875,0.0
-0.67275,-1.70284375,12.327375,0.0
-0.681,-1.73975,12.536,0.0
-0.68925,-1.77665625,12.744625,0.0
-0.6975,-1.8135625000000002,12.95325,0.0
-0.70575,-1.85046875,13.161875,0.0
-0.714,-1.887375,13.3705,0.0
-0.7222500000000001,-1.92428125,13.579125000000001,0.0
-0.7304999999999999,-1.9611874999999999,13.787749999999999,0.0
-0.73875,-1.9980937500000002,13.996375,0.0
-0.747,-2.035,14.205,0.0
-0.754625,-2.0313125000000003,14.13465625,0.0
-0.76225,-2.027625,14.0643125,0.0
-0.769875,-2.0239375,13.99396875,0.0
-0.7775,-2.0202500000000003,13.923625,0.0
-0.785125,-2.0165625,13.85328125,0.0
-0.79275,-2.012875,13.782937500000001,0.0
-0.800375,-2.0091875,13.71259375,0.0
-0.808,-2.0055,13.64225,0.0
-0.815625,-2.0018125,13.57190625,0.0
-0.82325,-1.9981250000000002,13.5015625,0.0
-0.830875,-1.9944375,13.43121875,0.0
-0.8385,-1.99075,13.360875,0.0
-0.846125,-1.9870625000000002,13.29053125,0.0
-0.85375,-1.983375,13.2201875,0.0
-0.861375,-1.9796875,13.14984375,0.0
-0.869,-1.976,13.0795,0.0
-0.876625,-1.9723125000000001,13.00915625,0.0
-0.88425,-1.968625,12.938812500000001,0.0
-0.891875,-1.9649375,12.86846875,0.0
-0.8995,-1.9612500000000002,12.798125,0.0
-0.907125,-1.9575625,12.72778125,0.0
-0.91475,-1.953875,12.6574375,0.0
-0.922375,-1.9501875000000002,12.587093750000001,0.0
-0.9299999999999999,-1.9465000000000001,12.51675,0.0
-0.9376249999999999,-1.9428125,12.44640625,0.0
-0.9452499999999999,-1.939125,12.3760625,0.0
-0.952875,-1.9354375000000001,12.30571875,0.0
-0.9605,-1.93175,12.235375000000001,0.0
-0.968125,-1.9280625,12.16503125,0.0
-0.97575,-1.924375,12.094687500000001,0.0
-0.983375,-1.9206875,12.02434375,0.0
-0.991,-1.917,11.954,0.0
-0.99121875,-1.914625,11.81759375,0.0
-0.9914375,-1.91225,11.6811875,0.0
-0.99165625,-1.909875,11.54478125,0.0
-0.991875,-1.9075,11.408375000000001,0.0
-0.99209375,-1.905125,11.271968750000001,0.0
-0.9923125,-1.90275,11.1355625,0.0
-0.99253125,-1.900375,10.99915625,0.0
-0.99275,-1.8980000000000001,10.86275,0.0
-0.99296875,-1.8956250000000001,10.72634375,0.0
-0.9931875,-1.89325,10.589937500000001,0.0
-0.99340625,-1.890875,10.453531250000001,0.0
-0.993625,-1.8885,10.317125,0.0
-0.99384375,-1.886125,10.18071875,0.0
-0.9940625,-1.88375,10.0443125,0.0
-0.99428125,-1.881375,9.90790625,0.0
-0.9944999999999999,-1.879,9.7715,0.0
-0.99471875,-1.876625,9.635093750000001,0.0
-0.9949375,-1.87425,9.4986875,0.0
-0.99515625,-1.871875,9.36228125,0.0
-0.995375,-1.8695,9.225875,0.0
-0.9955937499999999,-1.867125,9.08946875,0.0
-0.9958125,-1.86475,8.953062500000001,0.0
-0.99603125,-1.862375,8.816656250000001,0.0
-0.99625,-1.8599999999999999,8.680250000000001,0.0
-0.99646875,-1.857625,8.54384375,0.0
-0.9966875,-1.85525,8.4074375,0.0
-0.99690625,-1.852875,8.27103125,0.0
-0.997125,-1.8505,8.134625,0.0
-0.99734375,-1.848125,7.99821875,0.0
-0.9975625,-1.84575,7.8618125,0.0
-0.99778125,-1.843375,7.725406250000001,0.0
-0.998,-1.841,7.589,0.0
-0.9885625,-1.85259375,7.688593750000001,0.0
-0.979125,-1.8641874999999999,7.7881875,0.0
-0.9696875,-1.87578125,7.887781250000001,0.0
-0.96025,-1.887375,7.987375,0.0
-0.9508125,-1.89896875,8.08696875,0.0
-0.941375,-1.9105625,8.1865625,0.0
-0.9319375,-1.92215625,8.286156250000001,0.0
-0.9225,-1.93375,8.38575,0.0
-0.9130625,-1.9453437500000001,8.48534375,0.0
-0.903625,-1.9569375,8.5849375,0.0
-0.8941875,-1.96853125,8.684531250000001,0.0
-0.8847499999999999,-1.9801250000000001,8.784125,0.0
-0.8753124999999999,-1.99171875,8.88371875,0.0
-0.865875,-2.0033125,8.9833125,0.0
-0.8564375,-2.01490625,9.08290625,0.0
-0.847,-2.0265,9.182500000000001,0.0
-0.8375625,-2.0380937500000003,9.28209375,0.0
-0.828125,-2.0496875,9.3816875,0.0
-0.8186875,-2.06128125,9.48128125,0.0
-0.80925,-2.0728750000000002,9.580875,0.0
-0.7998125,-2.08446875,9.68046875,0.0
-0.7903749999999999,-2.0960625,9.7800625,0.0
-0.7809375,-2.1076562500000002,9.87965625,0.0
-0.7715,-2.11925,9.97925,0.0
-0.7620625,-2.1308437500000004,10.07884375,0.0
-0.752625,-2.1424375,10.1784375,0.0
-0.7431874999999999,-2.15403125,10.27803125,0.0
-0.7337499999999999,-2.1656250000000004,10.377625,0.0
-0.7243124999999999,-2.17721875,10.47721875,0.0
-0.7148749999999999,-2.1888125,10.576812499999999,0.0
-0.7054374999999999,-2.2004062500000003,10.67640625,0.0
-0.696,-2.212,10.776,0.0
-0.6949687499999999,-2.214375,10.7414375,0.0
-0.6939375,-2.21675,10.706875,0.0
-0.69290625,-2.219125,10.6723125,0.0
-0.691875,-2.2215000000000003,10.63775,0.0
-0.69084375,-2.223875,10.6031875,0.0
-0.6898124999999999,-2.2262500000000003,10.568624999999999,0.0
-0.68878125,-2.228625,10.5340625,0.0
-0.68775,-2.231,10.4995,0.0
-0.6867187499999999,-2.233375,10.4649375,0.0
-0.6856875,-2.23575,10.430375,0.0
-0.68465625,-2.238125,10.3958125,0.0
-0.6836249999999999,-2.2405,10.36125,0.0
-0.68259375,-2.242875,10.3266875,0.0
-0.6815625,-2.24525,10.292125,0.0
-0.68053125,-2.247625,10.2575625,0.0
-0.6795,-2.25,10.222999999999999,0.0
-0.67846875,-2.252375,10.1884375,0.0
-0.6774375,-2.25475,10.153875,0.0
-0.67640625,-2.257125,10.1193125,0.0
-0.6753750000000001,-2.2595,10.08475,0.0
-0.67434375,-2.261875,10.0501875,0.0
-0.6733125,-2.26425,10.015625,0.0
-0.67228125,-2.266625,9.9810625,0.0
-0.67125,-2.269,9.9465,0.0
-0.67021875,-2.271375,9.9119375,0.0
-0.6691875,-2.2737499999999997,9.877375,0.0
-0.66815625,-2.276125,9.8428125,0.0
-0.667125,-2.2784999999999997,9.80825,0.0
-0.66609375,-2.280875,9.7736875,0.0
-0.6650625,-2.28325,9.739125,0.0
-0.6640312500000001,-2.285625,9.7045625,0.0
-0.663,-2.288,9.67,0.0
-0.65028125,-2.29109375,9.7098125,0.0
-0.6375625,-2.2941874999999996,9.749625,0.0
-0.62484375,-2.2972812499999997,9.7894375,0.0
-0.612125,-2.300375,9.82925,0.0
-0.59940625,-2.30346875,9.8690625,0.0
-0.5866875,-2.3065625,9.908875,0.0
-0.57396875,-2.3096562499999997,9.9486875,0.0
-0.56125,-2.31275,9.9885,0.0
-0.54853125,-2.31584375,10.0283125,0.0
-0.5358125,-2.3189374999999997,10.068125,0.0
-0.52309375,-2.3220312499999998,10.1079375,0.0
-0.510375,-2.325125,10.14775,0.0
-0.49765625,-2.32821875,10.1875625,0.0
-0.4849375,-2.3313125,10.227375,0.0
-0.47221875,-2.33440625,10.2671875,0.0
-0.4595,-2.3375,10.307,0.0
-0.44678125,-2.34059375,10.3468125,0.0
-0.4340625,-2.3436874999999997,10.386625,0.0
-0.42134375,-2.34678125,10.4264375,0.0
-0.408625,-2.349875,10.46625,0.0
-0.39590625,-2.35296875,10.5060625,0.0
-0.3831875,-2.3560625,10.545875,0.0
-0.37046875,-2.35915625,10.5856875,0.0
-0.35775,-2.36225,10.6255,0.0
-0.34503125,-2.36534375,10.6653125,0.0
-0.3323125,-2.3684374999999998,10.705125,0.0
-0.31959375,-2.37153125,10.7449375,0.0
-0.306875,-2.374625,10.78475,0.0
-0.29415625,-2.37771875,10.8245625,0.0
-0.2814375,-2.3808125,10.864375,0.0
-0.26871875,-2.38390625,10.9041875,0.0
-0.256,-2.387,10.944,0.0
-0.2549375,-2.3806875,10.945250000000001,0.0
-0.253875,-2.374375,10.9465,0.0
-0.2528125,-2.3680625,10.947750000000001,0.0
-0.25175000000000003,-2.36175,10.949000000000002,0.0
-0.2506875,-2.3554375,10.95025,0.0
-0.249625,-2.349125,10.951500000000001,0.0
-0.2485625,-2.3428125,10.95275,0.0
-0.2475,-2.3365,10.954,0.0
-0.2464375,-2.3301875,10.955250000000001,0.0
-0.245375,-2.323875,10.9565,0.0
-0.24431250000000002,-2.3175625,10.95775,0.0
-0.24325,-2.3112500000000002,10.959,0.0
-0.2421875,-2.3049375,10.96025,0.0
-0.241125,-2.298625,10.961500000000001,0.0
-0.2400625,-2.2923125,10.96275,0.0
-0.239,-2.286,10.964,0.0
-0.2379375,-2.2796875,10.965250000000001,0.0
-0.236875,-2.273375,10.9665,0.0
-0.2358125,-2.2670625,10.96775,0.0
-0.23475000000000001,-2.26075,10.969000000000001,0.0
-0.2336875,-2.2544375,10.97025,0.0
-0.232625,-2.248125,10.9715,0.0
-0.2315625,-2.2418125,10.97275,0.0
-0.2305,-2.2355,10.974,0.0
-0.22943750000000002,-2.2291875,10.97525,0.0
-0.228375,-2.222875,10.9765,0.0
-0.2273125,-2.2165625,10.97775,0.0
-0.22625,-2.2102500000000003,10.979,0.0
-0.2251875,-2.2039375,10.98025,0.0
-0.22412500000000002,-2.197625,10.9815,0.0
-0.2230625,-2.1913125,10.98275,0.0
-0.222,-2.185,10.984,0.0
-0.2223125,-2.18209375,11.01228125,0.0
-0.22262500000000002,-2.1791875000000003,11.0405625,0.0
-0.2229375,-2.17628125,11.06884375,0.0
-0.22325,-2.173375,11.097125,0.0
-0.2235625,-2.17046875,11.12540625,0.0
-0.223875,-2.1675625,11.1536875,0.0
-0.2241875,-2.16465625,11.18196875,0.0
-0.2245,-2.16175,11.21025,0.0
-0.2248125,-2.15884375,11.23853125,0.0
-0.22512500000000002,-2.1559375000000003,11.2668125,0.0
-0.2254375,-2.15303125,11.29509375,0.0
-0.22575,-2.150125,11.323375,0.0
-0.2260625,-2.14721875,11.35165625,0.0
-0.226375,-2.1443125,11.3799375,0.0
-0.22668750000000001,-2.14140625,11.40821875,0.0
-0.227,-2.1385,11.436499999999999,0.0
-0.2273125,-2.13559375,11.46478125,0.0
-0.22762500000000002,-2.1326875000000003,11.493062499999999,0.0
-0.22793750000000002,-2.12978125,11.52134375,0.0
-0.22825,-2.126875,11.549624999999999,0.0
-0.2285625,-2.12396875,11.57790625,0.0
-0.228875,-2.1210625,11.606187499999999,0.0
-0.22918750000000002,-2.11815625,11.63446875,0.0
-0.2295,-2.11525,11.662749999999999,0.0
-0.2298125,-2.11234375,11.69103125,0.0
-0.23012500000000002,-2.1094375000000003,11.7193125,0.0
-0.23043750000000002,-2.10653125,11.74759375,0.0
-0.23075,-2.103625,11.775875,0.0
-0.2310625,-2.10071875,11.80415625,0.0
-0.231375,-2.0978125,11.8324375,0.0
-0.23168750000000002,-2.09490625,11.86071875,0.0
-0.232,-2.092,11.889,0.0
-0.233875,-2.088625,11.879375,0.0
-0.23575000000000002,-2.0852500000000003,11.86975,0.0
-0.237625,-2.081875,11.860125,0.0
-0.23950000000000002,-2.0785,11.8505,0.0
-0.241375,-2.075125,11.840874999999999,0.0
-0.24325,-2.07175,11.831249999999999,0.0
-0.245125,-2.068375,11.821625,0.0
-0.247,-2.065,11.812,0.0
-0.248875,-2.0616250000000003,11.802375,0.0
-0.25075000000000003,-2.05825,11.79275,0.0
-0.252625,-2.054875,11.783125,0.0
-0.2545,-2.0515,11.773499999999999,0.0
-0.256375,-2.048125,11.763874999999999,0.0
-0.25825,-2.04475,11.754249999999999,0.0
-0.260125,-2.041375,11.744625,0.0
-0.262,-2.0380000000000003,11.735,0.0
-0.26387499999999997,-2.034625,11.725375,0.0
-0.26575,-2.03125,11.71575,0.0
-0.267625,-2.027875,11.706125,0.0
-0.26949999999999996,-2.0245,11.6965,0.0
-0.271375,-2.021125,11.686874999999999,0.0
-0.27325,-2.01775,11.677249999999999,0.0
-0.275125,-2.014375,11.667625,0.0
-0.27699999999999997,-2.011,11.658,0.0
-0.278875,-2.007625,11.648375,0.0
-0.28075,-2.00425,11.63875,0.0
-0.282625,-2.000875,11.629125,0.0
-0.2845,-1.9975,11.619499999999999,0.0
-0.286375,-1.994125,11.609874999999999,0.0
-0.28825,-1.99075,11.600249999999999,0.0
-0.29012499999999997,-1.987375,11.590625,0.0
-0.292,-1.984,11.581,0.0
-0.29228125,-1.98040625,11.56409375,0.0
-0.2925625,-1.9768125,11.5471875,0.0
-0.29284374999999996,-1.97321875,11.53028125,0.0
-0.29312499999999997,-1.969625,11.513375,0.0
-0.29340625,-1.96603125,11.49646875,0.0
-0.2936875,-1.9624375,11.4795625,0.0
-0.29396875,-1.95884375,11.46265625,0.0
-0.29425,-1.95525,11.44575,0.0
-0.29453124999999997,-1.95165625,11.428843749999999,0.0
-0.2948125,-1.9480625,11.411937499999999,0.0
-0.29509375,-1.94446875,11.395031249999999,0.0
-0.295375,-1.940875,11.378124999999999,0.0
-0.29565625,-1.93728125,11.361218749999999,0.0
-0.29593749999999996,-1.9336875,11.3443125,0.0
-0.29621875,-1.93009375,11.32740625,0.0
-0.2965,-1.9264999999999999,11.3105,0.0
-0.29678125,-1.92290625,11.29359375,0.0
-0.2970625,-1.9193125,11.2766875,0.0
-0.29734374999999996,-1.91571875,11.25978125,0.0
-0.297625,-1.912125,11.242875,0.0
-0.29790625,-1.90853125,11.22596875,0.0
-0.2981875,-1.9049375,11.2090625,0.0
-0.29846875,-1.90134375,11.19215625,0.0
-0.29874999999999996,-1.89775,11.175249999999998,0.0
-0.29903124999999997,-1.89415625,11.158343749999998,0.0
-0.2993125,-1.8905625,11.141437499999999,0.0
-0.29959375,-1.88696875,11.124531249999999,0.0
-0.299875,-1.883375,11.107624999999999,0.0
-0.30015625,-1.87978125,11.090718749999999,0.0
-0.30043749999999997,-1.8761875,11.073812499999999,0.0
-0.30071875,-1.87259375,11.056906249999999,0.0
-0.301,-1.869,11.04,0.0
-0.30109375,-1.87275,11.099531249999998,0.0
-0.3011875,-1.8765,11.1590625,0.0
-0.30128125,-1.88025,11.21859375,0.0
-0.301375,-1.884,11.278125,0.0
-0.30146875,-1.88775,11.337656249999998,0.0
-0.3015625,-1.8915,11.3971875,0.0
-0.30165625,-1.89525,11.45671875,0.0
-0.30174999999999996,-1.899,11.51625,0.0
-0.30184374999999997,-1.90275,11.575781249999999,0.0
-0.30193749999999997,-1.9065,11.6353125,0.0
-0.30203125,-1.91025,11.69484375,0.0
-0.302125,-1.9140000000000001,11.754375,0.0
-0.30221875,-1.91775,11.813906249999999,0.0
-0.3023125,-1.9215,11.8734375,0.0
-0.30240625,-1.9252500000000001,11.93296875,0.0
-0.3025,-1.929,11.9925,0.0
-0.30259375,-1.93275,12.052031249999999,0.0
-0.3026875,-1.9365,12.1115625,0.0
-0.30278125,-1.94025,12.17109375,0.0
-0.302875,-1.944,12.230625,0.0
-0.30296875,-1.94775,12.290156249999999,0.0
-0.3030625,-1.9515,12.3496875,0.0
-0.30315625,-1.9552500000000002,12.40921875,0.0
-0.30325,-1.959,12.46875,0.0
-0.30334374999999997,-1.96275,12.52828125,0.0
-0.30343749999999997,-1.9665000000000001,12.5878125,0.0
-0.30353125,-1.97025,12.647343750000001,0.0
-0.303625,-1.9740000000000002,12.706875,0.0
-0.30371875,-1.9777500000000001,12.76640625,0.0
-0.3038125,-1.9815,12.8259375,0.0
-0.30390625,-1.9852500000000002,12.885468750000001,0.0
-0.304,-1.989,12.945,0.0
-0.30840625,-1.9913125,12.960437500000001,0.0
-0.3128125,-1.9936250000000002,12.975875,0.0
-0.31721875,-1.9959375000000001,12.9913125,0.0
-0.321625,-1.99825,13.00675,0.0
-0.32603125,-2.0005625,13.022187500000001,0.0
-0.3304375,-2.002875,13.037625,0.0
-0.33484375,-2.0051875,13.0530625,0.0
-0.33925,-2.0075000000000003,13.0685,0.0
-0.34365625,-2.0098125000000002,13.083937500000001,0.0
-0.3480625,-2.012125,13.099375,0.0
-0.35246875,-2.0144375,13.1148125,0.0
-0.356875,-2.01675,13.13025,0.0
-0.36128125,-2.0190625,13.145687500000001,0.0
-0.3656875,-2.021375,13.161125,0.0
-0.37009375,-2.0236875000000003,13.1765625,0.0
-0.3745,-2.0260000000000002,13.192,0.0
-0.37890625,-2.0283125,13.207437500000001,0.0
-0.3833125,-2.030625,13.222875,0.0
-0.38771875,-2.0329375,13.2383125,0.0
-0.392125,-2.03525,13.25375,0.0
-0.39653125,-2.0375625,13.269187500000001,0.0
-0.4009375,-2.0398750000000003,13.284625,0.0
-0.40534375,-2.0421875000000003,13.3000625,0.0
-0.40975,-2.0445,13.3155,0.0
-0.41415625,-2.0468125,13.330937500000001,0.0
-0.4185625,-2.049125,13.346375,0.0
-0.42296875,-2.0514375,13.3618125,0.0
-0.427375,-2.05375,13.37725,0.0
-0.43178125,-2.0560625000000003,13.392687500000001,0.0
-0.4361875,-2.0583750000000003,13.408125,0.0
-0.44059375,-2.0606875000000002,13.4235625,0.0
-0.445,-2.063,13.439,0.0
-0.45465625,-2.07565625,13.54740625,0.0
-0.4643125,-2.0883125000000002,13.6558125,0.0
-0.47396875,-2.1009687500000003,13.76421875,0.0
-0.483625,-2.1136250000000003,13.872625,0.0
-0.49328125,-2.1262812500000003,13.981031250000001,0.0
-0.5029375,-2.1389375,14.0894375,0.0
-0.51259375,-2.15159375,14.19784375,0.0
-0.52225,-2.16425,14.30625,0.0
-0.53190625,-2.17690625,14.41465625,0.0
-0.5415625,-2.1895625,14.5230625,0.0
-0.55121875,-2.20221875,14.63146875,0.0
-0.560875,-2.214875,14.739875000000001,0.0
-0.57053125,-2.22753125,14.848281250000001,0.0
-0.5801875,-2.2401875,14.956687500000001,0.0
-0.58984375,-2.2528437500000003,15.06509375,0.0
-0.5995,-2.2655000000000003,15.1735,0.0
-0.6091562500000001,-2.27815625,15.28190625,0.0
-0.6188125,-2.2908125,15.3903125,0.0
-0.62846875,-2.30346875,15.498718750000002,0.0
-0.638125,-2.316125,15.607125,0.0
-0.64778125,-2.32878125,15.715531250000002,0.0
-0.6574375,-2.3414375,15.823937500000001,0.0
-0.66709375,-2.35409375,15.932343750000001,0.0
-0.67675,-2.36675,16.040750000000003,0.0
-0.68640625,-2.37940625,16.14915625,0.0
-0.6960625,-2.3920624999999998,16.257562500000002,0.0
-0.70571875,-2.40471875,16.36596875,0.0
-0.715375,-2.417375,16.474375000000002,0.0
-0.72503125,-2.43003125,16.58278125,0.0
-0.7346874999999999,-2.4426875,16.6911875,0.0
-0.7443437500000001,-2.45534375,16.79959375,0.0
-0.754,-2.468,16.908,0.0
-0.73715625,-2.46621875,16.790906250000003,0.0
-0.7203125,-2.4644375,16.6738125,0.0
-0.70346875,-2.4626562499999998,16.55671875,0.0
-0.686625,-2.460875,16.439625,0.0
-0.66978125,-2.45909375,16.32253125,0.0
-0.6529375,-2.4573125,16.205437500000002,0.0
-0.63609375,-2.45553125,16.08834375,0.0
-0.61925,-2.45375,15.971250000000001,0.0
-0.60240625,-2.45196875,15.85415625,0.0
-0.5855625,-2.4501875,15.7370625,0.0
-0.5687187499999999,-2.44840625,15.61996875,0.0
-0.551875,-2.446625,15.502875000000001,0.0
-0.53503125,-2.44484375,15.38578125,0.0
-0.5181875,-2.4430625,15.2686875,0.0
-0.50134375,-2.44128125,15.15159375,0.0
-0.4845,-2.4395,15.034500000000001,0.0
-0.46765625,-2.43771875,14.91740625,0.0
-0.4508125,-2.4359375,14.8003125,0.0
-0.43396874999999996,-2.43415625,14.68321875,0.0
-0.41712499999999997,-2.432375,14.566125,0.0
-0.40028125,-2.43059375,14.44903125,0.0
-0.3834375,-2.4288125,14.3319375,0.0
-0.36659375,-2.42703125,14.21484375,0.0
-0.34975,-2.42525,14.09775,0.0
-0.33290624999999996,-2.42346875,13.98065625,0.0
-0.31606249999999997,-2.4216875,13.8635625,0.0
-0.29921875,-2.41990625,13.74646875,0.0
-0.282375,-2.418125,13.629375,0.0
-0.26553125,-2.4163437500000002,13.51228125,0.0
-0.24868749999999995,-2.4145625,13.395187499999999,0.0
-0.23184375000000002,-2.41278125,13.27809375,0.0
-0.215,-2.411,13.161,0.0
-0.21253125,-2.41171875,13.1059375,0.0
-0.21006249999999999,-2.4124375000000002,13.050875,0.0
-0.20759375,-2.41315625,12.9958125,0.0
-0.205125,-2.413875,12.94075,0.0
-0.20265625,-2.41459375,12.8856875,0.0
-0.2001875,-2.4153125,12.830625,0.0
-0.19771875,-2.41603125,12.7755625,0.0
-0.19525,-2.41675,12.7205,0.0
-0.19278125000000002,-2.4174687500000003,12.6654375,0.0
-0.1903125,-2.4181875,12.610375,0.0
-0.18784375,-2.41890625,12.5553125,0.0
-0.185375,-2.419625,12.50025,0.0
-0.18290625,-2.4203437500000002,12.4451875,0.0
-0.1804375,-2.4210625,12.390125,0.0
-0.17796875,-2.42178125,12.3350625,0.0
-0.1755,-2.4225000000000003,12.28,0.0
-0.17303125,-2.42321875,12.2249375,0.0
-0.1705625,-2.4239375,12.169875,0.0
-0.16809375000000001,-2.42465625,12.1148125,0.0
-0.16562500000000002,-2.4253750000000003,12.05975,0.0
-0.16315625,-2.42609375,12.0046875,0.0
-0.1606875,-2.4268125,11.949625,0.0
-0.15821875000000002,-2.42753125,11.8945625,0.0
-0.15575,-2.4282500000000002,11.8395,0.0
-0.15328125,-2.42896875,11.7844375,0.0
-0.15081250000000002,-2.4296875,11.729375,0.0
-0.14834375,-2.4304062500000003,11.6743125,0.0
-0.145875,-2.431125,11.61925,0.0
-0.14340625,-2.43184375,11.5641875,0.0
-0.1409375,-2.4325625,11.509125,0.0
-0.13846875000000003,-2.4332812500000003,11.4540625,0.0
-0.136,-2.434,11.399,0.0
-0.14346875,-2.43865625,11.41784375,0.0
-0.1509375,-2.4433125,11.4366875,0.0
-0.15840625,-2.4479687500000002,11.45553125,0.0
-0.165875,-2.4526250000000003,11.474374999999998,0.0
-0.17334375000000002,-2.4572812500000003,11.493218749999999,0.0
-0.18081250000000001,-2.4619375000000003,11.512062499999999,0.0
-0.18828125,-2.4665937500000004,11.53090625,0.0
-0.19575,-2.4712500000000004,11.54975,0.0
-0.20321875,-2.47590625,11.56859375,0.0
-0.2106875,-2.4805625,11.5874375,0.0
-0.21815625,-2.48521875,11.60628125,0.0
-0.22562500000000002,-2.489875,11.625125,0.0
-0.23309375,-2.49453125,11.643968749999999,0.0
-0.2405625,-2.4991875,11.6628125,0.0
-0.24803125,-2.50384375,11.68165625,0.0
-0.2555,-2.5085,11.7005,0.0
-0.26296875,-2.51315625,11.71934375,0.0
-0.2704375,-2.5178125000000002,11.7381875,0.0
-0.27790625,-2.5224687500000003,11.75703125,0.0
-0.285375,-2.5271250000000003,11.775875,0.0
-0.29284375,-2.5317812500000003,11.79471875,0.0
-0.3003125,-2.5364375000000003,11.8135625,0.0
-0.30778125,-2.5410937500000004,11.83240625,0.0
-0.31525000000000003,-2.54575,11.85125,0.0
-0.32271875,-2.55040625,11.87009375,0.0
-0.33018749999999997,-2.5550625,11.8889375,0.0
-0.33765625,-2.55971875,11.907781250000001,0.0
-0.345125,-2.564375,11.926625000000001,0.0
-0.35259375000000004,-2.56903125,11.94546875,0.0
-0.3600625,-2.5736875,11.9643125,0.0
-0.36753125,-2.57834375,11.98315625,0.0
-0.375,-2.583,12.002,0.0
-0.373375,-2.5819375,11.94190625,0.0
-0.37175,-2.5808750000000003,11.8818125,0.0
-0.370125,-2.5798125,11.82171875,0.0
-0.3685,-2.5787500000000003,11.761625,0.0
-0.366875,-2.5776875,11.70153125,0.0
-0.36525,-2.576625,11.6414375,0.0
-0.363625,-2.5755625,11.58134375,0.0
-0.362,-2.5745,11.52125,0.0
-0.360375,-2.5734375000000003,11.46115625,0.0
-0.35875,-2.572375,11.4010625,0.0
-0.357125,-2.5713125,11.34096875,0.0
-0.3555,-2.57025,11.280875,0.0
-0.353875,-2.5691875,11.22078125,0.0
-0.35225,-2.568125,11.1606875,0.0
-0.350625,-2.5670625,11.100593750000002,0.0
-0.349,-2.566,11.040500000000002,0.0
-0.347375,-2.5649375,10.980406250000001,0.0
-0.34575,-2.563875,10.920312500000001,0.0
-0.344125,-2.5628125,10.860218750000001,0.0
-0.3425,-2.56175,10.800125000000001,0.0
-0.340875,-2.5606875000000002,10.740031250000001,0.0
-0.33925,-2.559625,10.679937500000001,0.0
-0.337625,-2.5585625,10.619843750000001,0.0
-0.336,-2.5575,10.559750000000001,0.0
-0.334375,-2.5564375,10.499656250000001,0.0
-0.33275,-2.555375,10.439562500000001,0.0
-0.331125,-2.5543125,10.379468750000001,0.0
-0.3295,-2.55325,10.319375,0.0
-0.327875,-2.5521875,10.25928125,0.0
-0.32625000000000004,-2.551125,10.1991875,0.0
-0.324625,-2.5500625,10.13909375,0.0
-0.323,-2.549,10.079,0.0
-0.32471875,-2.5476562499999997,10.06825,0.0
-0.3264375,-2.5463125,10.057500000000001,0.0
-0.32815625,-2.54496875,10.046750000000001,0.0
-0.32987500000000003,-2.543625,10.036000000000001,0.0
-0.33159375,-2.54228125,10.02525,0.0
-0.3333125,-2.5409375,10.0145,0.0
-0.33503125,-2.53959375,10.00375,0.0
-0.33675,-2.5382499999999997,9.993,0.0
-0.33846875,-2.53690625,9.98225,0.0
-0.34018750000000003,-2.5355624999999997,9.9715,0.0
-0.34190625,-2.53421875,9.96075,0.0
-0.343625,-2.5328749999999998,9.95,0.0
-0.34534375,-2.53153125,9.93925,0.0
-0.3470625,-2.5301875,9.9285,0.0
-0.34878125,-2.52884375,9.91775,0.0
-0.35050000000000003,-2.5275,9.907,0.0
-0.35221875,-2.5261562499999997,9.89625,0.0
-0.3539375,-2.5248125,9.8855,0.0
-0.35565625,-2.5234687499999997,9.87475,0.0
-0.357375,-2.522125,9.864,0.0
-0.35909375,-2.5207812499999998,9.85325,0.0
-0.3608125,-2.5194375,9.8425,0.0
-0.36253125,-2.51809375,9.83175,0.0
-0.36425,-2.51675,9.821,0.0
-0.36596875,-2.51540625,9.81025,0.0
-0.3676875,-2.5140624999999996,9.7995,0.0
-0.36940625,-2.51271875,9.78875,0.0
-0.371125,-2.5113749999999997,9.777999999999999,0.0
-0.37284375000000003,-2.51003125,9.767249999999999,0.0
-0.3745625,-2.5086874999999997,9.756499999999999,0.0
-0.37628125,-2.50734375,9.74575,0.0
-0.378,-2.506,9.735,0.0
-0.3765625,-2.50340625,9.73925,0.0
-0.375125,-2.5008125,9.7435,0.0
-0.3736875,-2.49821875,9.74775,0.0
-0.37225,-2.495625,9.751999999999999,0.0
-0.3708125,-2.49303125,9.75625,0.0
-0.369375,-2.4904374999999996,9.7605,0.0
-0.36793750000000003,-2.4878437499999997,9.76475,0.0
-0.3665,-2.4852499999999997,9.769,0.0
-0.3650625,-2.48265625,9.773249999999999,0.0
-0.36362500000000003,-2.4800625,9.7775,0.0
-0.3621875,-2.47746875,9.78175,0.0
-0.36075,-2.474875,9.786,0.0
-0.35931250000000003,-2.47228125,9.79025,0.0
-0.357875,-2.4696875,9.7945,0.0
-0.3564375,-2.46709375,9.79875,0.0
-0.355,-2.4645,9.803,0.0
-0.3535625,-2.4619062499999997,9.80725,0.0
-0.352125,-2.4593125,9.8115,0.0
-0.35068750000000004,-2.45671875,9.81575,0.0
-0.34925,-2.454125,9.82,0.0
-0.3478125,-2.45153125,9.82425,0.0
-0.346375,-2.4489375,9.8285,0.0
-0.3449375,-2.44634375,9.83275,0.0
-0.3435,-2.44375,9.837,0.0
-0.3420625,-2.44115625,9.84125,0.0
-0.340625,-2.4385625,9.8455,0.0
-0.33918750000000003,-2.43596875,9.84975,0.0
-0.33775,-2.433375,9.854000000000001,0.0
-0.3363125,-2.43078125,9.85825,0.0
-0.33487500000000003,-2.4281875,9.8625,0.0
-0.3334375,-2.42559375,9.86675,0.0
-0.332,-2.423,9.871,0.0
-0.3334375,-2.42103125,9.85125,0.0
-0.33487500000000003,-2.4190625,9.8315,0.0
-0.3363125,-2.41709375,9.81175,0.0
-0.33775,-2.415125,9.792,0.0
-0.33918750000000003,-2.41315625,9.77225,0.0
-0.340625,-2.4111875,9.752500000000001,0.0
-0.3420625,-2.40921875,9.732750000000001,0.0
-0.3435,-2.40725,9.713000000000001,0.0
-0.3449375,-2.40528125,9.69325,0.0
-0.346375,-2.4033125,9.6735,0.0
-0.3478125,-2.40134375,9.65375,0.0
-0.34925,-2.399375,9.634,0.0
-0.35068750000000004,-2.39740625,9.61425,0.0
-0.352125,-2.3954375,9.5945,0.0
-0.3535625,-2.39346875,9.57475,0.0
-0.355,-2.3914999999999997,9.555,0.0
-0.3564375,-2.38953125,9.535250000000001,0.0
-0.357875,-2.3875625,9.515500000000001,0.0
-0.35931250000000003,-2.38559375,9.495750000000001,0.0
-0.36075,-2.383625,9.476,0.0
-0.3621875,-2.38165625,9.45625,0.0
-0.363625,-2.3796874999999997,9.4365,0.0
-0.3650625,-2.37771875,9.41675,0.0
-0.3665,-2.37575,9.397,0.0
-0.36793750000000003,-2.37378125,9.37725,0.0
-0.369375,-2.3718125,9.3575,0.0
-0.3708125,-2.36984375,9.33775,0.0
-0.37225,-2.3678749999999997,9.318000000000001,0.0
-0.3736875,-2.36590625,9.298250000000001,0.0
-0.375125,-2.3639375,9.278500000000001,0.0
-0.3765625,-2.36196875,9.258750000000001,0.0
-0.378,-2.36,9.239,0.0
-0.38234375,-2.3573749999999998,9.242750000000001,0.0
-0.3866875,-2.3547499999999997,9.246500000000001,0.0
-0.39103125,-2.352125,9.250250000000001,0.0
-0.39537500000000003,-2.3495,9.254000000000001,0.0
-0.39971875,-2.346875,9.257750000000001,0.0
-0.4040625,-2.3442499999999997,9.2615,0.0
-0.40840625,-2.341625,9.26525,0.0
-0.41275,-2.339,9.269,0.0
-0.41709375,-2.336375,9.27275,0.0
-0.4214375,-2.3337499999999998,9.2765,0.0
-0.42578125,-2.3311249999999997,9.28025,0.0
-0.430125,-2.3285,9.284,0.0
-0.43446875,-2.325875,9.28775,0.0
-0.4388125,-2.32325,9.291500000000001,0.0
-0.44315625000000003,-2.3206249999999997,9.295250000000001,0.0
-0.4475,-2.3179999999999996,9.299,0.0
-0.45184375,-2.315375,9.30275,0.0
-0.4561875,-2.31275,9.3065,0.0
-0.46053125,-2.3101249999999998,9.31025,0.0
-0.46487500000000004,-2.3074999999999997,9.314,0.0
-0.46921875,-2.304875,9.31775,0.0
-0.4735625,-2.30225,9.3215,0.0
-0.47790625,-2.299625,9.32525,0.0
-0.48225,-2.2969999999999997,9.329,0.0
-0.48659375000000005,-2.2943749999999996,9.33275,0.0
-0.4909375,-2.29175,9.336500000000001,0.0
-0.49528125,-2.289125,9.34025,0.0
-0.499625,-2.2864999999999998,9.344,0.0
-0.5039687500000001,-2.2838749999999997,9.34775,0.0
-0.5083125,-2.28125,9.3515,0.0
-0.51265625,-2.278625,9.35525,0.0
-0.517,-2.276,9.359,0.0
-0.517,-2.276,9.359,0.0
-0.517,-2.276,9.359,0.0
-0.517,-2.276,9.359,0.0
-0.517,-2.276,9.359,0.0
-0.517,-2.276,9.359,0.0
-0.517,-2.276,9.359,0.0
-0.517,-2.276,9.359,0.0
-0.517,-2.276,9.359,0.0
-0.517,-2.276,9.359,0.0
-0.517,-2.276,9.359,0.0
-0.517,-2.276,9.359,0.0
-0.517,-2.276,9.359,0.0
-0.517,-2.276,9.359,0.0
-0.517,-2.276,9.359,0.0
-0.517,-2.276,9.359,0.0
-0.517,-2.276,9.359,0.0
-0.517,-2.276,9.359,0.0
-0.517,-2.276,9.359,0.0
-0.517,-2.276,9.359,0.0
-0.517,-2.276,9.359,0.0
-0.517,-2.276,9.359,0.0
-0.517,-2.276,9.359,0.0
-0.517,-2.276,9.359,0.0
-0.517,-2.276,9.359,0.0
-0.517,-2.276,9.359,0.0
-0.517,-2.276,9.359,0.0
-0.517,-2.276,9.359,0.0
-0.517,-2.276,9.359,0.0
-0.517,-2.276,9.359,0.0
-0.517,-2.276,9.359,0.0
-0.517,-2.276,9.359,0.0
-0.517,-2.276,9.359,0.0
-0.51984375,-2.2738437499999997,9.3586875,0.0
-0.5226875,-2.2716874999999996,9.358375,0.0
-0.52553125,-2.26953125,9.3580625,0.0
-0.528375,-2.267375,9.35775,0.0
-0.53121875,-2.26521875,9.3574375,0.0
-0.5340625,-2.2630624999999998,9.357125,0.0
-0.53690625,-2.2609062499999997,9.3568125,0.0
-0.53975,-2.25875,9.3565,0.0
-0.54259375,-2.25659375,9.3561875,0.0
-0.5454375,-2.2544375,9.355875,0.0
-0.54828125,-2.25228125,9.3555625,0.0
-0.551125,-2.2501249999999997,9.35525,0.0
-0.55396875,-2.2479687499999996,9.3549375,0.0
-0.5568125,-2.2458125,9.354625,0.0
-0.55965625,-2.24365625,9.3543125,0.0
-0.5625,-2.2415,9.354,0.0
-0.56534375,-2.2393437499999997,9.3536875,0.0
-0.5681875,-2.2371874999999997,9.353375,0.0
-0.57103125,-2.23503125,9.3530625,0.0
-0.573875,-2.232875,9.35275,0.0
-0.57671875,-2.23071875,9.3524375,0.0
-0.5795625,-2.2285625,9.352125000000001,0.0
-0.58240625,-2.2264062499999997,9.3518125,0.0
-0.58525,-2.2242499999999996,9.3515,0.0
-0.58809375,-2.22209375,9.3511875,0.0
-0.5909375,-2.2199375,9.350875,0.0
-0.5937812499999999,-2.21778125,9.3505625,0.0
-0.596625,-2.2156249999999997,9.35025,0.0
-0.59946875,-2.2134687499999997,9.3499375,0.0
-0.6023125,-2.2113125,9.349625,0.0
-0.60515625,-2.20915625,9.3493125,0.0
-0.608,-2.207,9.349,0.0
-0.6097812499999999,-2.2058125,9.34421875,0.0
-0.6115625,-2.204625,9.3394375,0.0
-0.61334375,-2.2034374999999997,9.33465625,0.0
-0.615125,-2.20225,9.329875,0.0
-0.61690625,-2.2010625,9.32509375,0.0
-0.6186875,-2.199875,9.3203125,0.0
-0.62046875,-2.1986874999999997,9.31553125,0.0
-0.62225,-2.1975,9.31075,0.0
-0.62403125,-2.1963125,9.30596875,0.0
-0.6258125,-2.195125,9.3011875,0.0
-0.62759375,-2.1939375,9.29640625,0.0
-0.629375,-2.1927499999999998,9.291625,0.0
-0.63115625,-2.1915625,9.28684375,0.0
-0.6329375,-2.190375,9.2820625,0.0
-0.63471875,-2.1891875,9.27728125,0.0
-0.6365000000000001,-2.1879999999999997,9.2725,0.0
-0.63828125,-2.1868125,9.26771875,0.0
-0.6400625,-2.185625,9.2629375,0.0
-0.64184375,-2.1844375,9.25815625,0.0
-0.643625,-2.18325,9.253375,0.0
-0.64540625,-2.1820625,9.24859375,0.0
-0.6471875,-2.180875,9.2438125,0.0
-0.64896875,-2.1796875,9.23903125,0.0
-0.65075,-2.1785,9.23425,0.0
-0.65253125,-2.1773125,9.22946875,0.0
-0.6543125000000001,-2.176125,9.2246875,0.0
-0.65609375,-2.1749375,9.21990625,0.0
-0.657875,-2.17375,9.215125,0.0
-0.65965625,-2.1725625,9.21034375,0.0
-0.6614375,-2.171375,9.2055625,0.0
-0.6632187500000001,-2.1701875,9.20078125,0.0
-0.665,-2.169,9.196,0.0
-0.66971875,-2.16803125,9.19053125,0.0
-0.6744375,-2.1670625,9.185062499999999,0.0
-0.67915625,-2.16609375,9.17959375,0.0
-0.683875,-2.165125,9.174125,0.0
-0.68859375,-2.16415625,9.16865625,0.0
-0.6933125,-2.1631875,9.1631875,0.0
-0.69803125,-2.16221875,9.15771875,0.0
-0.70275,-2.16125,9.15225,0.0
-0.70746875,-2.16028125,9.14678125,0.0
-0.7121875,-2.1593125,9.1413125,0.0
-0.71690625,-2.15834375,9.13584375,0.0
-0.721625,-2.157375,9.130375,0.0
-0.72634375,-2.15640625,9.12490625,0.0
-0.7310625,-2.1554375,9.1194375,0.0
-0.73578125,-2.15446875,9.11396875,0.0
-0.7404999999999999,-2.1535,9.1085,0.0
-0.74521875,-2.15253125,9.10303125,0.0
-0.7499374999999999,-2.1515625,9.0975625,0.0
-0.75465625,-2.15059375,9.09209375,0.0
-0.759375,-2.149625,9.086625,0.0
-0.76409375,-2.14865625,9.081156250000001,0.0
-0.7688125,-2.1476875,9.0756875,0.0
-0.77353125,-2.14671875,9.07021875,0.0
-0.77825,-2.14575,9.06475,0.0
-0.78296875,-2.14478125,9.05928125,0.0
-0.7876875,-2.1438125,9.053812500000001,0.0
-0.79240625,-2.14284375,9.04834375,0.0
-0.797125,-2.1418749999999998,9.042875,0.0
-0.80184375,-2.14090625,9.03740625,0.0
-0.8065625,-2.1399375,9.031937500000002,0.0
-0.81128125,-2.13896875,9.026468750000001,0.0
-0.816,-2.138,9.021,0.0
-0.820125,-2.1361875,9.01359375,0.0
-0.8242499999999999,-2.134375,9.006187500000001,0.0
-0.828375,-2.1325624999999997,8.99878125,0.0
-0.8324999999999999,-2.13075,8.991375000000001,0.0
-0.836625,-2.1289375,8.98396875,0.0
-0.84075,-2.127125,8.9765625,0.0
-0.8448749999999999,-2.1253124999999997,8.969156250000001,0.0
-0.849,-2.1235,8.96175,0.0
-0.8531249999999999,-2.1216875,8.954343750000001,0.0
-0.85725,-2.119875,8.9469375,0.0
-0.861375,-2.1180624999999997,8.93953125,0.0
-0.8654999999999999,-2.11625,8.932125000000001,0.0
-0.869625,-2.1144375,8.92471875,0.0
-0.8737499999999999,-2.112625,8.917312500000001,0.0
-0.877875,-2.1108124999999998,8.90990625,0.0
-0.8819999999999999,-2.109,8.9025,0.0
-0.8861249999999999,-2.1071875,8.895093750000001,0.0
-0.89025,-2.105375,8.8876875,0.0
-0.8943749999999999,-2.1035625,8.880281250000001,0.0
-0.8985,-2.10175,8.872875,0.0
-0.902625,-2.0999375000000002,8.865468750000002,0.0
-0.90675,-2.098125,8.8580625,0.0
-0.910875,-2.0963125,8.85065625,0.0
-0.9149999999999999,-2.0945,8.843250000000001,0.0
-0.919125,-2.0926875000000003,8.83584375,0.0
-0.9232499999999999,-2.090875,8.828437500000001,0.0
-0.927375,-2.0890625,8.82103125,0.0
-0.9315,-2.08725,8.813625,0.0
-0.9356249999999999,-2.0854375000000003,8.806218750000001,0.0
-0.93975,-2.083625,8.7988125,0.0
-0.943875,-2.0818125,8.791406250000001,0.0
-0.948,-2.08,8.784,0.0
-0.9484999999999999,-2.07934375,8.78034375,0.0
-0.949,-2.0786875,8.776687500000001,0.0
-0.9495,-2.07803125,8.77303125,0.0
-0.95,-2.077375,8.769375,0.0
-0.9504999999999999,-2.07671875,8.765718750000001,0.0
-0.951,-2.0760625,8.7620625,0.0
-0.9515,-2.07540625,8.75840625,0.0
-0.952,-2.07475,8.754750000000001,0.0
-0.9524999999999999,-2.0740937500000003,8.75109375,0.0
-0.953,-2.0734375000000003,8.7474375,0.0
-0.9535,-2.0727812500000002,8.74378125,0.0
-0.954,-2.072125,8.740125,0.0
-0.9544999999999999,-2.07146875,8.73646875,0.0
-0.955,-2.0708125,8.7328125,0.0
-0.9555,-2.07015625,8.72915625,0.0
-0.956,-2.0695,8.7255,0.0
-0.9564999999999999,-2.06884375,8.72184375,0.0
-0.957,-2.0681875,8.7181875,0.0
-0.9575,-2.06753125,8.71453125,0.0
-0.958,-2.066875,8.710875,0.0
-0.9584999999999999,-2.06621875,8.707218750000001,0.0
-0.959,-2.0655625,8.7035625,0.0
-0.9595,-2.06490625,8.69990625,0.0
-0.96,-2.0642500000000004,8.69625,0.0
-0.9604999999999999,-2.0635937500000003,8.69259375,0.0
-0.961,-2.0629375000000003,8.6889375,0.0
-0.9615,-2.0622812500000003,8.68528125,0.0
-0.962,-2.0616250000000003,8.681625,0.0
-0.9624999999999999,-2.0609687500000002,8.67796875,0.0
-0.963,-2.0603125,8.6743125,0.0
-0.9635,-2.05965625,8.67065625,0.0
-0.964,-2.059,8.667,0.0
-0.9662499999999999,-2.0575625,8.6651875,0.0
-0.9684999999999999,-2.056125,8.663375,0.0
-0.97075,-2.0546875,8.6615625,0.0
-0.973,-2.0532500000000002,8.659749999999999,0.0
-0.97525,-2.0518125,8.6579375,0.0
-0.9775,-2.0503750000000003,8.656125,0.0
-0.97975,-2.0489375,8.6543125,0.0
-0.982,-2.0475000000000003,8.6525,0.0
-0.98425,-2.0460625,8.6506875,0.0
-0.9864999999999999,-2.044625,8.648875,0.0
-0.98875,-2.0431875,8.6470625,0.0
-0.991,-2.04175,8.64525,0.0
-0.99325,-2.0403125,8.6434375,0.0
-0.9955,-2.038875,8.641625,0.0
-0.99775,-2.0374375000000002,8.6398125,0.0
-1.0,-2.036,8.638,0.0
-1.00225,-2.0345625,8.6361875,0.0
-1.0045,-2.033125,8.634375,0.0
-1.00675,-2.0316875,8.6325625,0.0
-1.009,-2.03025,8.630749999999999,0.0
-1.01125,-2.0288125,8.6289375,0.0
-1.0135,-2.027375,8.627125,0.0
-1.01575,-2.0259375,8.6253125,0.0
-1.018,-2.0244999999999997,8.6235,0.0
-1.02025,-2.0230625,8.6216875,0.0
-1.0225,-2.021625,8.619875,0.0
-1.02475,-2.0201875,8.6180625,0.0
-1.0270000000000001,-2.01875,8.61625,0.0
-1.02925,-2.0173125,8.6144375,0.0
-1.0315,-2.015875,8.612625,0.0
-1.03375,-2.0144375,8.6108125,0.0
-1.036,-2.013,8.609,0.0
-1.03759375,-2.012625,8.607875,0.0
-1.0391875,-2.01225,8.60675,0.0
-1.04078125,-2.011875,8.605625,0.0
-1.042375,-2.0115,8.6045,0.0
-1.0439687500000001,-2.011125,8.603375,0.0
-1.0455625,-2.01075,8.60225,0.0
-1.04715625,-2.010375,8.601125,0.0
-1.04875,-2.01,8.6,0.0
-1.05034375,-2.0096249999999998,8.598875,0.0
-1.0519375,-2.0092499999999998,8.59775,0.0
-1.05353125,-2.0088749999999997,8.596625,0.0
-1.055125,-2.0084999999999997,8.5955,0.0
-1.05671875,-2.0081249999999997,8.594375,0.0
-1.0583125,-2.0077499999999997,8.59325,0.0
-1.05990625,-2.0073749999999997,8.592125,0.0
-1.0615,-2.0069999999999997,8.591000000000001,0.0
-1.06309375,-2.006625,8.589875000000001,0.0
-1.0646875,-2.00625,8.588750000000001,0.0
-1.06628125,-2.005875,8.587625000000001,0.0
-1.067875,-2.0055,8.586500000000001,0.0
-1.06946875,-2.005125,8.585375,0.0
-1.0710625,-2.00475,8.58425,0.0
-1.07265625,-2.004375,8.583125,0.0
-1.07425,-2.004,8.582,0.0
-1.07584375,-2.003625,8.580875,0.0
-1.0774375,-2.00325,8.57975,0.0
-1.0790312499999999,-2.002875,8.578625,0.0
-1.080625,-2.0025,8.5775,0.0
-1.08221875,-2.002125,8.576375,0.0
-1.0838125,-2.00175,8.57525,0.0
-1.08540625,-2.001375,8.574125,0.0
-1.087,-2.001,8.573,0.0
-1.0874375,-2.00121875,8.57509375,0.0
-1.087875,-2.0014374999999998,8.5771875,0.0
-1.0883125,-2.00165625,8.579281250000001,0.0
-1.0887499999999999,-2.001875,8.581375000000001,0.0
-1.0891875,-2.00209375,8.58346875,0.0
-1.089625,-2.0023125,8.5855625,0.0
-1.0900625,-2.00253125,8.58765625,0.0
-1.0905,-2.00275,8.58975,0.0
-1.0909375,-2.00296875,8.59184375,0.0
-1.091375,-2.0031875,8.593937500000001,0.0
-1.0918125,-2.00340625,8.596031250000001,0.0
-1.09225,-2.003625,8.598125,0.0
-1.0926875,-2.00384375,8.60021875,0.0
-1.093125,-2.0040625,8.6023125,0.0
-1.0935625,-2.00428125,8.60440625,0.0
-1.0939999999999999,-2.0045,8.6065,0.0
-1.0944375,-2.00471875,8.60859375,0.0
-1.094875,-2.0049375,8.610687500000001,0.0
-1.0953125,-2.0051562499999998,8.612781250000001,0.0
-1.09575,-2.005375,8.614875000000001,0.0
-1.0961874999999999,-2.00559375,8.61696875,0.0
-1.096625,-2.0058124999999998,8.6190625,0.0
-1.0970625,-2.00603125,8.62115625,0.0
-1.0975,-2.00625,8.62325,0.0
-1.0979375,-2.00646875,8.62534375,0.0
-1.0983749999999999,-2.0066875,8.627437500000001,0.0
-1.0988125,-2.00690625,8.629531250000001,0.0
-1.09925,-2.007125,8.631625,0.0
-1.0996875,-2.00734375,8.63371875,0.0
-1.100125,-2.0075625,8.6358125,0.0
-1.1005624999999999,-2.00778125,8.63790625,0.0
-1.101,-2.008,8.64,0.0
-1.10121875,-2.008,8.63971875,0.0
-1.1014375,-2.008,8.6394375,0.0
-1.10165625,-2.008,8.639156250000001,0.0
-1.101875,-2.008,8.638875,0.0
-1.10209375,-2.008,8.63859375,0.0
-1.1023125,-2.008,8.638312500000001,0.0
-1.10253125,-2.008,8.638031250000001,0.0
-1.10275,-2.008,8.63775,0.0
-1.10296875,-2.008,8.63746875,0.0
-1.1031875,-2.008,8.6371875,0.0
-1.10340625,-2.008,8.636906250000001,0.0
-1.103625,-2.008,8.636625,0.0
-1.10384375,-2.008,8.63634375,0.0
-1.1040625,-2.008,8.636062500000001,0.0
-1.10428125,-2.008,8.63578125,0.0
-1.1045,-2.008,8.6355,0.0
-1.10471875,-2.008,8.63521875,0.0
-1.1049375000000001,-2.008,8.6349375,0.0
-1.10515625,-2.008,8.63465625,0.0
-1.105375,-2.008,8.634375,0.0
-1.1055937500000002,-2.008,8.63409375,0.0
-1.1058125,-2.008,8.633812500000001,0.0
-1.10603125,-2.008,8.63353125,0.0
-1.1062500000000002,-2.008,8.63325,0.0
-1.1064687500000001,-2.008,8.63296875,0.0
-1.1066875,-2.008,8.6326875,0.0
-1.10690625,-2.008,8.63240625,0.0
-1.1071250000000001,-2.008,8.632125,0.0
-1.10734375,-2.008,8.63184375,0.0
-1.1075625,-2.008,8.631562500000001,0.0
-1.1077812500000002,-2.008,8.63128125,0.0
-1.108,-2.008,8.631,0.0
-1.108,-2.00740625,8.63240625,0.0
-1.108,-2.0068125,8.6338125,0.0
-1.108,-2.00621875,8.63521875,0.0
-1.108,-2.005625,8.636625,0.0
-1.108,-2.00503125,8.638031250000001,0.0
-1.108,-2.0044375,8.6394375,0.0
-1.108,-2.00384375,8.64084375,0.0
-1.108,-2.00325,8.64225,0.0
-1.108,-2.0026562500000002,8.64365625,0.0
-1.108,-2.0020625,8.6450625,0.0
-1.108,-2.00146875,8.64646875,0.0
-1.108,-2.000875,8.647875,0.0
-1.108,-2.00028125,8.64928125,0.0
-1.108,-1.9996875,8.6506875,0.0
-1.108,-1.9990937500000001,8.65209375,0.0
-1.108,-1.9985,8.653500000000001,0.0
-1.108,-1.99790625,8.65490625,0.0
-1.108,-1.9973125,8.6563125,0.0
-1.108,-1.99671875,8.65771875,0.0
-1.108,-1.9961250000000001,8.659125,0.0
-1.108,-1.99553125,8.66053125,0.0
-1.108,-1.9949375,8.6619375,0.0
-1.108,-1.99434375,8.663343750000001,0.0
-1.108,-1.9937500000000001,8.66475,0.0
-1.108,-1.9931562500000002,8.66615625,0.0
-1.108,-1.9925625,8.6675625,0.0
-1.108,-1.99196875,8.66896875,0.0
-1.108,-1.9913750000000001,8.670375,0.0
-1.108,-1.9907812500000002,8.67178125,0.0
-1.108,-1.9901875,8.673187500000001,0.0
-1.108,-1.98959375,8.67459375,0.0
-1.108,-1.989,8.676,0.0
-1.1071875,-1.9893125,8.67353125,0.0
-1.106375,-1.9896250000000002,8.6710625,0.0
-1.1055625,-1.9899375000000001,8.66859375,0.0
-1.1047500000000001,-1.99025,8.666125000000001,0.0
-1.1039375,-1.9905625,8.66365625,0.0
-1.1031250000000001,-1.9908750000000002,8.6611875,0.0
-1.1023125,-1.9911875,8.65871875,0.0
-1.1015000000000001,-1.9915,8.65625,0.0
-1.1006875,-1.9918125000000002,8.65378125,0.0
-1.0998750000000002,-1.9921250000000001,8.6513125,0.0
-1.0990625,-1.9924375,8.64884375,0.0
-1.0982500000000002,-1.99275,8.646374999999999,0.0
-1.0974375,-1.9930625000000002,8.64390625,0.0
-1.0966250000000002,-1.9933750000000001,8.6414375,0.0
-1.0958125,-1.9936875,8.63896875,0.0
-1.0950000000000002,-1.9940000000000002,8.6365,0.0
-1.0941875,-1.9943125000000002,8.63403125,0.0
-1.093375,-1.994625,8.6315625,0.0
-1.0925625,-1.9949375,8.62909375,0.0
-1.09175,-1.9952500000000002,8.626625,0.0
-1.0909375000000001,-1.9955625000000001,8.62415625,0.0
-1.090125,-1.995875,8.6216875,0.0
-1.0893125000000001,-1.9961875,8.61921875,0.0
-1.0885,-1.9965000000000002,8.61675,0.0
-1.0876875000000001,-1.9968125,8.61428125,0.0
-1.086875,-1.997125,8.6118125,0.0
-1.0860625000000002,-1.9974375000000002,8.609343749999999,0.0
-1.08525,-1.9977500000000001,8.606874999999999,0.0
-1.0844375000000002,-1.9980625,8.60440625,0.0
-1.083625,-1.998375,8.6019375,0.0
-1.0828125000000002,-1.9986875000000002,8.59946875,0.0
-1.082,-1.999,8.597,0.0
-1.08184375,-1.9987812500000002,8.59784375,0.0
-1.0816875000000001,-1.9985625,8.5986875,0.0
-1.08153125,-1.99834375,8.59953125,0.0
-1.081375,-1.9981250000000002,8.600375,0.0
-1.0812187500000001,-1.99790625,8.60121875,0.0
-1.0810625,-1.9976875,8.602062499999999,0.0
-1.08090625,-1.9974687500000001,8.60290625,0.0
-1.08075,-1.9972500000000002,8.60375,0.0
-1.08059375,-1.99703125,8.60459375,0.0
-1.0804375,-1.9968125,8.6054375,0.0
-1.08028125,-1.9965937500000002,8.60628125,0.0
-1.080125,-1.996375,8.607125,0.0
-1.07996875,-1.99615625,8.60796875,0.0
-1.0798125,-1.9959375000000001,8.608812499999999,0.0
-1.07965625,-1.99571875,8.60965625,0.0
-1.0795,-1.9955,8.6105,0.0
-1.07934375,-1.9952812500000001,8.61134375,0.0
-1.0791875,-1.9950625,8.612187500000001,0.0
-1.07903125,-1.99484375,8.61303125,0.0
-1.078875,-1.994625,8.613875,0.0
-1.07871875,-1.99440625,8.61471875,0.0
-1.0785625,-1.9941875,8.6155625,0.0
-1.07840625,-1.99396875,8.61640625,0.0
-1.07825,-1.99375,8.61725,0.0
-1.07809375,-1.99353125,8.61809375,0.0
-1.0779375,-1.9933125,8.618937500000001,0.0
-1.07778125,-1.99309375,8.61978125,0.0
-1.077625,-1.992875,8.620625,0.0
-1.07746875,-1.99265625,8.62146875,0.0
-1.0773125,-1.9924375,8.6223125,0.0
-1.07715625,-1.99221875,8.623156250000001,0.0
-1.077,-1.992,8.624,0.0
-1.07490625,-1.991375,8.630875,0.0
-1.0728125,-1.99075,8.63775,0.0
-1.07071875,-1.990125,8.644625000000001,0.0
-1.068625,-1.9895,8.6515,0.0
-1.06653125,-1.988875,8.658375,0.0
-1.0644375,-1.98825,8.66525,0.0
-1.06234375,-1.987625,8.672125000000001,0.0
-1.06025,-1.987,8.679,0.0
-1.05815625,-1.986375,8.685875,0.0
-1.0560625,-1.98575,8.69275,0.0
-1.05396875,-1.985125,8.699625000000001,0.0
-1.051875,-1.9845,8.7065,0.0
-1.0497812499999999,-1.983875,8.713375,0.0
-1.0476874999999999,-1.98325,8.72025,0.0
-1.0455937499999999,-1.982625,8.727125000000001,0.0
-1.0434999999999999,-1.982,8.734,0.0
-1.04140625,-1.9813749999999999,8.740874999999999,0.0
-1.0393125,-1.98075,8.74775,0.0
-1.03721875,-1.980125,8.754625,0.0
-1.035125,-1.9795,8.7615,0.0
-1.03303125,-1.978875,8.768374999999999,0.0
-1.0309375,-1.97825,8.77525,0.0
-1.02884375,-1.977625,8.782125,0.0
-1.02675,-1.9769999999999999,8.789,0.0
-1.02465625,-1.976375,8.795874999999999,0.0
-1.0225625,-1.97575,8.80275,0.0
-1.02046875,-1.975125,8.809625,0.0
-1.018375,-1.9745,8.8165,0.0
-1.01628125,-1.973875,8.823374999999999,0.0
-1.0141875,-1.97325,8.83025,0.0
-1.01209375,-1.972625,8.837125,0.0
-1.01,-1.972,8.844,0.0
-1.00775,-1.97125,8.85021875,0.0
-1.0055,-1.9705,8.8564375,0.0
-1.00325,-1.96975,8.862656249999999,0.0
-1.001,-1.9689999999999999,8.868875,0.0
-0.99875,-1.96825,8.87509375,0.0
-0.9964999999999999,-1.9675,8.8813125,0.0
-0.99425,-1.96675,8.887531249999999,0.0
-0.992,-1.966,8.893749999999999,0.0
-0.98975,-1.96525,8.89996875,0.0
-0.9875,-1.9645,8.9061875,0.0
-0.98525,-1.9637499999999999,8.91240625,0.0
-0.983,-1.963,8.918624999999999,0.0
-0.98075,-1.96225,8.924843749999999,0.0
-0.9784999999999999,-1.9615,8.9310625,0.0
-0.97625,-1.96075,8.93728125,0.0
-0.974,-1.96,8.9435,0.0
-0.97175,-1.95925,8.949718749999999,0.0
-0.9695,-1.9585,8.9559375,0.0
-0.9672499999999999,-1.9577499999999999,8.96215625,0.0
-0.965,-1.9569999999999999,8.968375,0.0
-0.96275,-1.95625,8.974593749999999,0.0
-0.9604999999999999,-1.9555,8.980812499999999,0.0
-0.9582499999999999,-1.95475,8.98703125,0.0
-0.956,-1.954,8.99325,0.0
-0.95375,-1.95325,8.99946875,0.0
-0.9515,-1.9525,9.005687499999999,0.0
-0.9492499999999999,-1.9517499999999999,9.01190625,0.0
-0.947,-1.951,9.018125,0.0
-0.94475,-1.95025,9.02434375,0.0
-0.9424999999999999,-1.9495,9.030562499999998,0.0
-0.9402499999999999,-1.94875,9.036781249999999,0.0
-0.938,-1.948,9.043,0.0
-0.93621875,-1.9475624999999999,9.04725,0.0
-0.9344374999999999,-1.947125,9.051499999999999,0.0
-0.93265625,-1.9466875,9.05575,0.0
-0.9308749999999999,-1.94625,9.059999999999999,0.0
-0.9290937499999999,-1.9458125,9.06425,0.0
-0.9273125,-1.9453749999999999,9.0685,0.0
-0.9255312499999999,-1.9449375,9.07275,0.0
-0.92375,-1.9445,9.077,0.0
-0.92196875,-1.9440625,9.081249999999999,0.0
-0.9201874999999999,-1.943625,9.0855,0.0
-0.91840625,-1.9431874999999998,9.08975,0.0
-0.916625,-1.94275,9.094,0.0
-0.91484375,-1.9423124999999999,9.09825,0.0
-0.9130625,-1.941875,9.1025,0.0
-0.9112812499999999,-1.9414375,9.10675,0.0
-0.9095,-1.9409999999999998,9.111,0.0
-0.90771875,-1.9405625,9.11525,0.0
-0.9059375,-1.9401249999999999,9.1195,0.0
-0.90415625,-1.9396875,9.12375,0.0
-0.9023749999999999,-1.93925,9.128,0.0
-0.90059375,-1.9388125,9.132249999999999,0.0
-0.8988125,-1.938375,9.1365,0.0
-0.89703125,-1.9379374999999999,9.14075,0.0
-0.89525,-1.9375,9.145,0.0
-0.89346875,-1.9370625,9.14925,0.0
-0.8916875,-1.936625,9.1535,0.0
-0.88990625,-1.9361875,9.15775,0.0
-0.888125,-1.9357499999999999,9.162,0.0
-0.88634375,-1.9353125,9.16625,0.0
-0.8845625,-1.934875,9.1705,0.0
-0.88278125,-1.9344375,9.17475,0.0
-0.881,-1.934,9.179,0.0
-0.878375,-1.9330937499999998,9.187687500000001,0.0
-0.87575,-1.9321875,9.196375,0.0
-0.873125,-1.93128125,9.2050625,0.0
-0.8705,-1.930375,9.213750000000001,0.0
-0.8678750000000001,-1.9294687499999998,9.2224375,0.0
-0.86525,-1.9285625,9.231125,0.0
-0.862625,-1.92765625,9.239812500000001,0.0
-0.86,-1.92675,9.2485,0.0
-0.857375,-1.9258437499999999,9.2571875,0.0
-0.85475,-1.9249375,9.265875000000001,0.0
-0.852125,-1.92403125,9.2745625,0.0
-0.8495,-1.923125,9.28325,0.0
-0.846875,-1.9222187499999999,9.291937500000001,0.0
-0.8442500000000001,-1.9213125,9.300625,0.0
-0.8416250000000001,-1.92040625,9.3093125,0.0
-0.839,-1.9195,9.318000000000001,0.0
-0.836375,-1.9185937499999999,9.3266875,0.0
-0.83375,-1.9176875,9.335375,0.0
-0.831125,-1.91678125,9.3440625,0.0
-0.8285,-1.915875,9.35275,0.0
-0.825875,-1.9149687499999999,9.361437500000001,0.0
-0.82325,-1.9140625,9.370125,0.0
-0.820625,-1.9131562500000001,9.3788125,0.0
-0.8180000000000001,-1.91225,9.387500000000001,0.0
-0.8153750000000001,-1.91134375,9.3961875,0.0
-0.8127500000000001,-1.9104375,9.404875,0.0
-0.810125,-1.9095312500000001,9.413562500000001,0.0
-0.8075,-1.908625,9.42225,0.0
-0.804875,-1.90771875,9.4309375,0.0
-0.80225,-1.9068125,9.439625000000001,0.0
-0.799625,-1.9059062500000001,9.4483125,0.0
-0.797,-1.905,9.457,0.0
-0.7934062500000001,-1.90375,9.463281250000001,0.0
-0.7898125,-1.9025,9.4695625,0.0
-0.7862187500000001,-1.90125,9.475843750000001,0.0
-0.782625,-1.9,9.482125,0.0
-0.7790312500000001,-1.89875,9.48840625,0.0
-0.7754375,-1.8975,9.494687500000001,0.0
-0.77184375,-1.89625,9.50096875,0.0
-0.7682500000000001,-1.895,9.50725,0.0
-0.76465625,-1.89375,9.51353125,0.0
-0.7610625000000001,-1.8925,9.5198125,0.0
-0.75746875,-1.89125,9.526093750000001,0.0
-0.7538750000000001,-1.8900000000000001,9.532375,0.0
-0.75028125,-1.88875,9.53865625,0.0
-0.7466875000000001,-1.8875,9.5449375,0.0
-0.74309375,-1.88625,9.55121875,0.0
-0.7395,-1.885,9.557500000000001,0.0
-0.7359062500000001,-1.88375,9.56378125,0.0
-0.7323125,-1.8825,9.5700625,0.0
-0.7287187500000001,-1.88125,9.57634375,0.0
-0.725125,-1.88,9.582625,0.0
-0.7215312500000001,-1.87875,9.588906249999999,0.0
-0.7179375,-1.8775,9.5951875,0.0
-0.71434375,-1.87625,9.60146875,0.0
-0.71075,-1.875,9.60775,0.0
-0.70715625,-1.87375,9.61403125,0.0
-0.7035625000000001,-1.8725,9.620312499999999,0.0
-0.69996875,-1.87125,9.62659375,0.0
-0.6963750000000001,-1.87,9.632875,0.0
-0.69278125,-1.86875,9.63915625,0.0
-0.6891875000000001,-1.8675,9.6454375,0.0
-0.68559375,-1.86625,9.651718749999999,0.0
-0.682,-1.865,9.658,0.0
-0.6801250000000001,-1.8643125,9.6625625,0.0
-0.67825,-1.863625,9.667124999999999,0.0
-0.6763750000000001,-1.8629375,9.671687499999999,0.0
-0.6745000000000001,-1.86225,9.67625,0.0
-0.672625,-1.8615625,9.6808125,0.0
-0.6707500000000001,-1.860875,9.685375,0.0
-0.668875,-1.8601874999999999,9.6899375,0.0
-0.667,-1.8595,9.6945,0.0
-0.6651250000000001,-1.8588125,9.6990625,0.0
-0.66325,-1.858125,9.703624999999999,0.0
-0.661375,-1.8574375,9.7081875,0.0
-0.6595,-1.85675,9.71275,0.0
-0.657625,-1.8560625,9.7173125,0.0
-0.65575,-1.855375,9.721875,0.0
-0.653875,-1.8546875,9.7264375,0.0
-0.652,-1.854,9.731,0.0
-0.6501250000000001,-1.8533125,9.7355625,0.0
-0.64825,-1.852625,9.740124999999999,0.0
-0.646375,-1.8519375,9.7446875,0.0
-0.6445000000000001,-1.85125,9.74925,0.0
-0.642625,-1.8505624999999999,9.7538125,0.0
-0.64075,-1.849875,9.758375000000001,0.0
-0.638875,-1.8491875,9.7629375,0.0
-0.637,-1.8485,9.7675,0.0
-0.635125,-1.8478125,9.7720625,0.0
-0.63325,-1.847125,9.776625,0.0
-0.631375,-1.8464375,9.7811875,0.0
-0.6295,-1.84575,9.78575,0.0
-0.627625,-1.8450625,9.7903125,0.0
-0.62575,-1.8443749999999999,9.794875000000001,0.0
-0.623875,-1.8436875,9.7994375,0.0
-0.622,-1.843,9.804,0.0
-0.6189375,-1.8425624999999999,9.8078125,0.0
-0.615875,-1.842125,9.811625,0.0
-0.6128125,-1.8416875,9.8154375,0.0
-0.60975,-1.84125,9.81925,0.0
-0.6066875,-1.8408125,9.8230625,0.0
-0.603625,-1.8403749999999999,9.826875000000001,0.0
-0.6005625,-1.8399375,9.8306875,0.0
-0.5975,-1.8395,9.8345,0.0
-0.5944375,-1.8390625,9.8383125,0.0
-0.591375,-1.838625,9.842125,0.0
-0.5883125,-1.8381874999999999,9.8459375,0.0
-0.58525,-1.83775,9.84975,0.0
-0.5821875,-1.8373125,9.8535625,0.0
-0.579125,-1.836875,9.857375000000001,0.0
-0.5760625,-1.8364375,9.8611875,0.0
-0.573,-1.8359999999999999,9.865,0.0
-0.5699375,-1.8355625,9.8688125,0.0
-0.566875,-1.835125,9.872625,0.0
-0.5638125,-1.8346875,9.8764375,0.0
-0.56075,-1.83425,9.88025,0.0
-0.5576875,-1.8338125,9.8840625,0.0
-0.554625,-1.833375,9.887875000000001,0.0
-0.5515625,-1.8329374999999999,9.8916875,0.0
-0.5485,-1.8325,9.8955,0.0
-0.5454375,-1.8320625,9.8993125,0.0
-0.542375,-1.831625,9.903125,0.0
-0.5393125,-1.8311875,9.9069375,0.0
-0.53625,-1.8307499999999999,9.91075,0.0
-0.5331875,-1.8303125,9.9145625,0.0
-0.530125,-1.829875,9.918375000000001,0.0
-0.5270625,-1.8294375,9.9221875,0.0
-0.524,-1.829,9.926,0.0
-0.5200312500000001,-1.8279375,9.93184375,0.0
-0.5160625,-1.826875,9.937687500000001,0.0
-0.51209375,-1.8258125,9.94353125,0.0
-0.508125,-1.8247499999999999,9.949375,0.0
-0.50415625,-1.8236875,9.95521875,0.0
-0.5001875,-1.822625,9.9610625,0.0
-0.49621875000000004,-1.8215625,9.96690625,0.0
-0.49225,-1.8205,9.97275,0.0
-0.48828125,-1.8194375,9.97859375,0.0
-0.48431250000000003,-1.8183749999999999,9.9844375,0.0
-0.48034375,-1.8173124999999999,9.99028125,0.0
-0.476375,-1.81625,9.996125,0.0
-0.47240625,-1.8151875,10.00196875,0.0
-0.4684375,-1.814125,10.0078125,0.0
-0.46446875000000004,-1.8130625,10.01365625,0.0
-0.4605,-1.8119999999999998,10.0195,0.0
-0.45653125000000006,-1.8109374999999999,10.02534375,0.0
-0.45256250000000003,-1.809875,10.0311875,0.0
-0.44859375,-1.8088125,10.03703125,0.0
-0.44462500000000005,-1.80775,10.042875,0.0
-0.44065625,-1.8066875,10.048718749999999,0.0
-0.4366875,-1.805625,10.0545625,0.0
-0.43271875000000004,-1.8045624999999998,10.06040625,0.0
-0.42875,-1.8034999999999999,10.06625,0.0
-0.42478125,-1.8024375,10.07209375,0.0
-0.42081250000000003,-1.801375,10.077937499999999,0.0
-0.41684375,-1.8003125,10.08378125,0.0
-0.412875,-1.79925,10.089625,0.0
-0.40890625,-1.7981874999999998,10.09546875,0.0
-0.4049375,-1.7971249999999999,10.101312499999999,0.0
-0.40096875,-1.7960625,10.10715625,0.0
-0.397,-1.795,10.113,0.0
-0.39506250000000004,-1.79471875,10.116125,0.0
-0.393125,-1.7944375,10.11925,0.0
-0.3911875,-1.79415625,10.122375,0.0
-0.38925000000000004,-1.7938749999999999,10.125499999999999,0.0
-0.3873125,-1.7935937499999999,10.128625,0.0
-0.385375,-1.7933124999999999,10.13175,0.0
-0.38343750000000004,-1.7930312499999999,10.134875,0.0
-0.3815,-1.7927499999999998,10.138,0.0
-0.3795625,-1.79246875,10.141124999999999,0.0
-0.37762500000000004,-1.7921875,10.14425,0.0
-0.3756875,-1.79190625,10.147375,0.0
-0.37375,-1.791625,10.1505,0.0
-0.3718125,-1.79134375,10.153625,0.0
-0.369875,-1.7910625,10.156749999999999,0.0
-0.36793750000000003,-1.79078125,10.159875,0.0
-0.366,-1.7905,10.163,0.0
-0.3640625,-1.79021875,10.166125,0.0
-0.36212500000000003,-1.7899375,10.16925,0.0
-0.3601875,-1.78965625,10.172374999999999,0.0
-0.35825,-1.789375,10.1755,0.0
-0.35631250000000003,-1.78909375,10.178624999999998,0.0
-0.354375,-1.7888125,10.18175,0.0
-0.3524375,-1.78853125,10.184875,0.0
-0.35050000000000003,-1.7882500000000001,10.187999999999999,0.0
-0.3485625,-1.78796875,10.191125,0.0
-0.346625,-1.7876875,10.194249999999998,0.0
-0.34468750000000004,-1.78740625,10.197375,0.0
-0.34275,-1.787125,10.2005,0.0
-0.3408125,-1.78684375,10.203624999999999,0.0
-0.33887500000000004,-1.7865625,10.20675,0.0
-0.3369375,-1.78628125,10.209874999999998,0.0
-0.335,-1.786,10.213,0.0
-0.3309375,-1.78478125,10.21734375,0.0
-0.326875,-1.7835625,10.2216875,0.0
-0.3228125,-1.7823437500000001,10.22603125,0.0
-0.31875000000000003,-1.781125,10.230374999999999,0.0
-0.3146875,-1.77990625,10.234718749999999,0.0
-0.31062500000000004,-1.7786875,10.2390625,0.0
-0.3065625,-1.7774687500000002,10.24340625,0.0
-0.3025,-1.77625,10.24775,0.0
-0.2984375,-1.77503125,10.25209375,0.0
-0.294375,-1.7738125,10.256437499999999,0.0
-0.29031250000000003,-1.77259375,10.260781249999999,0.0
-0.28625,-1.7713750000000001,10.265125,0.0
-0.28218750000000004,-1.77015625,10.26946875,0.0
-0.278125,-1.7689375,10.2738125,0.0
-0.2740625,-1.76771875,10.27815625,0.0
-0.27,-1.7665000000000002,10.282499999999999,0.0
-0.2659375,-1.7652812500000001,10.28684375,0.0
-0.26187499999999997,-1.7640625,10.2911875,0.0
-0.2578125,-1.76284375,10.29553125,0.0
-0.25375000000000003,-1.761625,10.299875,0.0
-0.2496875,-1.7604062500000002,10.30421875,0.0
-0.24562499999999998,-1.7591875000000001,10.3085625,0.0
-0.2415625,-1.75796875,10.31290625,0.0
-0.2375,-1.75675,10.31725,0.0
-0.2334375,-1.75553125,10.32159375,0.0
-0.229375,-1.7543125000000002,10.3259375,0.0
-0.2253125,-1.7530937500000001,10.33028125,0.0
-0.22125,-1.751875,10.334625,0.0
-0.21718749999999998,-1.75065625,10.33896875,0.0
-0.213125,-1.7494375000000002,10.3433125,0.0
-0.20906249999999998,-1.7482187500000002,10.34765625,0.0
-0.205,-1.747,10.352,0.0
-0.20203125,-1.7461250000000001,10.356875,0.0
-0.19906249999999998,-1.7452500000000002,10.36175,0.0
-0.19609374999999998,-1.744375,10.366625,0.0
-0.193125,-1.7435,10.371500000000001,0.0
-0.19015625,-1.742625,10.376375,0.0
-0.18718749999999998,-1.7417500000000001,10.38125,0.0
-0.18421875,-1.7408750000000002,10.386125,0.0
-0.18125,-1.7400000000000002,10.391,0.0
-0.17828125,-1.739125,10.395875,0.0
-0.17531249999999998,-1.73825,10.40075,0.0
-0.17234375,-1.7373750000000001,10.405625,0.0
-0.169375,-1.7365000000000002,10.410499999999999,0.0
-0.16640624999999998,-1.7356250000000002,10.415375,0.0
-0.16343749999999999,-1.73475,10.42025,0.0
-0.16046875,-1.733875,10.425125,0.0
-0.1575,-1.733,10.43,0.0
-0.15453125,-1.7321250000000001,10.434875,0.0
-0.1515625,-1.7312500000000002,10.43975,0.0
-0.14859375,-1.730375,10.444625,0.0
-0.145625,-1.7295,10.4495,0.0
-0.14265624999999998,-1.728625,10.454374999999999,0.0
-0.1396875,-1.7277500000000001,10.459249999999999,0.0
-0.13671875,-1.7268750000000002,10.464125,0.0
-0.13374999999999998,-1.726,10.469,0.0
-0.13078125000000002,-1.725125,10.473875,0.0
-0.1278125,-1.72425,10.47875,0.0
-0.12484375,-1.723375,10.483625,0.0
-0.121875,-1.7225000000000001,10.488499999999998,0.0
-0.11890625,-1.7216250000000002,10.493374999999999,0.0
-0.1159375,-1.72075,10.498249999999999,0.0
-0.11296875,-1.719875,10.503124999999999,0.0
-0.11,-1.719,10.508,0.0
-0.1085,-1.718375,10.508312499999999,0.0
-0.107,-1.71775,10.508624999999999,0.0
-0.1055,-1.717125,10.5089375,0.0
-0.104,-1.7165000000000001,10.50925,0.0
-0.10250000000000001,-1.715875,10.5095625,0.0
-0.101,-1.7152500000000002,10.509875,0.0
-0.0995,-1.714625,10.510187499999999,0.0
-0.098,-1.714,10.5105,0.0
-0.0965,-1.713375,10.5108125,0.0
-0.095,-1.71275,10.511125,0.0
-0.0935,-1.7121250000000001,10.5114375,0.0
-0.092,-1.7115,10.51175,0.0
-0.0905,-1.7108750000000001,10.512062499999999,0.0
-0.089,-1.71025,10.512375,0.0
-0.0875,-1.7096250000000002,10.5126875,0.0
-0.086,-1.709,10.513,0.0
-0.08449999999999999,-1.708375,10.5133125,0.0
-0.083,-1.70775,10.513625,0.0
-0.0815,-1.707125,10.5139375,0.0
-0.08,-1.7065000000000001,10.51425,0.0
-0.0785,-1.705875,10.5145625,0.0
-0.077,-1.7052500000000002,10.514875,0.0
-0.0755,-1.704625,10.5151875,0.0
-0.074,-1.7040000000000002,10.5155,0.0
-0.07250000000000001,-1.703375,10.515812500000001,0.0
-0.07100000000000001,-1.70275,10.516125,0.0
-0.0695,-1.702125,10.5164375,0.0
-0.068,-1.7015,10.51675,0.0
-0.0665,-1.7008750000000001,10.5170625,0.0
-0.065,-1.70025,10.517375000000001,0.0
-0.0635,-1.6996250000000002,10.517687500000001,0.0
-0.062,-1.699,10.518,0.0
-0.05934375,-1.69825,10.52134375,0.0
-0.0566875,-1.6975,10.5246875,0.0
-0.05403125,-1.69675,10.528031250000002,0.0
-0.051375000000000004,-1.6960000000000002,10.531375,0.0
-0.048718750000000005,-1.6952500000000001,10.53471875,0.0
-0.0460625,-1.6945000000000001,10.5380625,0.0
-0.04340625,-1.69375,10.541406250000001,0.0
-0.04075,-1.693,10.54475,0.0
-0.03809375,-1.69225,10.54809375,0.0
-0.035437500000000004,-1.6915,10.5514375,0.0
-0.03278125,-1.69075,10.554781250000001,0.0
-0.030125,-1.69,10.558125,0.0
-0.02746875,-1.6892500000000001,10.56146875,0.0
-0.0248125,-1.6885000000000001,10.5648125,0.0
-0.022156250000000002,-1.68775,10.568156250000001,0.0
-0.019500000000000003,-1.687,10.5715,0.0
-0.016843750000000005,-1.68625,10.57484375,0.0
-0.014187500000000006,-1.6855,10.5781875,0.0
-0.011531250000000007,-1.68475,10.581531250000001,0.0
-0.008875000000000008,-1.6840000000000002,10.584875,0.0
-0.006218750000000002,-1.6832500000000001,10.58821875,0.0
-0.003562500000000003,-1.6825,10.5915625,0.0
-0.0009062500000000043,-1.68175,10.594906250000001,0.0
0.0017500000000000016,-1.681,10.59825,0.0
0.0044062500000000004,-1.68025,10.60159375,0.0
0.007062499999999999,-1.6795,10.6049375,0.0
0.009718749999999998,-1.67875,10.608281250000001,0.0
0.012374999999999997,-1.678,10.611625,0.0
0.015031249999999996,-1.6772500000000001,10.61496875,0.0
0.017687499999999995,-1.6765,10.6183125,0.0
0.020343749999999994,-1.67575,10.621656250000001,0.0
0.023,-1.675,10.625,0.0
0.02465625,-1.6738125000000001,10.62696875,0.0
0.0263125,-1.672625,10.6289375,0.0
0.02796875,-1.6714375000000001,10.63090625,0.0
0.029625,-1.67025,10.632875,0.0
0.03128125,-1.6690625000000001,10.63484375,0.0
0.0329375,-1.667875,10.6368125,0.0
0.03459375,-1.6666875,10.638781250000001,0.0
0.03625,-1.6655,10.64075,0.0
0.03790625,-1.6643125,10.64271875,0.0
0.0395625,-1.663125,10.6446875,0.0
0.04121875,-1.6619375,10.64665625,0.0
0.042874999999999996,-1.66075,10.648625000000001,0.0
0.044531249999999994,-1.6595625,10.65059375,0.0
0.0461875,-1.658375,10.6525625,0.0
0.04784375,-1.6571875,10.65453125,0.0
0.0495,-1.6560000000000001,10.656500000000001,0.0
0.05115625,-1.6548125,10.65846875,0.0
0.0528125,-1.6536250000000001,10.6604375,0.0
0.054468749999999996,-1.6524375,10.66240625,0.0
0.056125,-1.65125,10.664375,0.0
0.05778125,-1.6500625,10.666343750000001,0.0
0.0594375,-1.648875,10.6683125,0.0
0.061093749999999995,-1.6476875,10.67028125,0.0
0.06275,-1.6465,10.67225,0.0
0.06440625,-1.6453125,10.67421875,0.0
0.0660625,-1.644125,10.676187500000001,0.0
0.06771875,-1.6429375,10.67815625,0.0
0.06937499999999999,-1.64175,10.680125,0.0
0.07103124999999999,-1.6405625,10.68209375,0.0
0.07268749999999999,-1.639375,10.684062500000001,0.0
0.07434375,-1.6381875,10.686031250000001,0.0
0.076,-1.637,10.688,0.0
0.077125,-1.63684375,10.68896875,0.0
0.07825,-1.6366875,10.689937500000001,0.0
0.079375,-1.63653125,10.690906250000001,0.0
0.0805,-1.636375,10.691875,0.0
0.081625,-1.63621875,10.69284375,0.0
0.08275,-1.6360625,10.6938125,0.0
0.083875,-1.63590625,10.69478125,0.0
0.08499999999999999,-1.63575,10.69575,0.0
0.08612500000000001,-1.63559375,10.69671875,0.0
0.08725,-1.6354374999999999,10.6976875,0.0
0.088375,-1.63528125,10.69865625,0.0
0.0895,-1.635125,10.699625000000001,0.0
0.090625,-1.6349687499999999,10.70059375,0.0
0.09175,-1.6348125,10.7015625,0.0
0.092875,-1.63465625,10.70253125,0.0
0.094,-1.6345,10.7035,0.0
0.095125,-1.63434375,10.70446875,0.0
0.09625,-1.6341875,10.7054375,0.0
0.097375,-1.63403125,10.70640625,0.0
0.0985,-1.633875,10.707374999999999,0.0
0.099625,-1.6337187499999999,10.70834375,0.0
0.10075,-1.6335625,10.7093125,0.0
0.101875,-1.63340625,10.71028125,0.0
0.10300000000000001,-1.6332499999999999,10.71125,0.0
0.104125,-1.63309375,10.71221875,0.0
0.10525000000000001,-1.6329375,10.7131875,0.0
0.106375,-1.6327812499999999,10.71415625,0.0
0.1075,-1.632625,10.715125,0.0
0.108625,-1.63246875,10.716093749999999,0.0
0.10975,-1.6323124999999998,10.717062499999999,0.0
0.110875,-1.63215625,10.71803125,0.0
0.112,-1.632,10.719,0.0
0.11415625,-1.6315,10.72025,0.0
0.1163125,-1.631,10.721499999999999,0.0
0.11846875,-1.6304999999999998,10.72275,0.0
0.120625,-1.63,10.724,0.0
0.12278125000000001,-1.6295,10.725249999999999,0.0
0.1249375,-1.629,10.7265,0.0
0.12709375,-1.6284999999999998,10.72775,0.0
0.12925,-1.628,10.729,0.0
0.13140625,-1.6275,10.73025,0.0
0.1335625,-1.627,10.7315,0.0
0.13571875,-1.6265,10.73275,0.0
0.137875,-1.626,10.734,0.0
0.14003125,-1.6255,10.73525,0.0
0.1421875,-1.625,10.7365,0.0
0.14434375,-1.6245,10.73775,0.0
0.1465,-1.624,10.739,0.0
0.14865625,-1.6235,10.74025,0.0
0.1508125,-1.623,10.7415,0.0
0.15296875,-1.6225,10.74275,0.0
0.155125,-1.622,10.744,0.0
0.15728124999999998,-1.6215,10.74525,0.0
0.1594375,-1.621,10.7465,0.0
0.16159374999999998,-1.6205,10.74775,0.0
0.16375,-1.62,10.749,0.0
0.16590625,-1.6195000000000002,10.75025,0.0
0.1680625,-1.619,10.7515,0.0
0.17021875,-1.6185,10.75275,0.0
0.172375,-1.618,10.754,0.0
0.17453125,-1.6175000000000002,10.75525,0.0
0.1766875,-1.617,10.7565,0.0
0.17884375,-1.6165,10.75775,0.0
0.181,-1.616,10.759,0.0
0.18490625,-1.6149375000000001,10.7589375,0.0
0.1888125,-1.6138750000000002,10.758875,0.0
0.19271875,-1.6128125000000002,10.7588125,0.0
0.196625,-1.61175,10.758750000000001,0.0
0.20053125,-1.6106875,10.7586875,0.0
0.2044375,-1.609625,10.758625,0.0
0.20834375,-1.6085625000000001,10.7585625,0.0
0.21225,-1.6075000000000002,10.7585,0.0
0.21615625,-1.6064375000000002,10.7584375,0.0
0.2200625,-1.605375,10.758375000000001,0.0
0.22396875,-1.6043125,10.7583125,0.0
0.227875,-1.60325,10.75825,0.0
0.23178125,-1.6021875,10.7581875,0.0
0.2356875,-1.6011250000000001,10.758125,0.0
0.23959375,-1.6000625000000002,10.7580625,0.0
0.2435,-1.5990000000000002,10.758,0.0
0.24740625,-1.5979375,10.7579375,0.0
0.2513125,-1.596875,10.757875,0.0
0.25521875,-1.5958125,10.7578125,0.0
0.259125,-1.5947500000000001,10.75775,0.0
0.26303125,-1.5936875000000001,10.7576875,0.0
0.2669375,-1.5926250000000002,10.757624999999999,0.0
0.27084375,-1.5915625,10.7575625,0.0
0.27475,-1.5905,10.7575,0.0
0.27865625,-1.5894375,10.7574375,0.0
0.2825625,-1.588375,10.757375,0.0
0.28646875,-1.5873125000000001,10.7573125,0.0
0.290375,-1.5862500000000002,10.757249999999999,0.0
0.29428125,-1.5851875,10.7571875,0.0
0.2981875,-1.584125,10.757125,0.0
0.30209375,-1.5830625,10.7570625,0.0
0.306,-1.582,10.757,0.0
0.30690625,-1.5821562500000002,10.75678125,0.0
0.3078125,-1.5823125,10.7565625,0.0
0.30871875,-1.58246875,10.75634375,0.0
0.309625,-1.5826250000000002,10.756124999999999,0.0
0.31053125,-1.58278125,10.755906249999999,0.0
0.3114375,-1.5829375,10.7556875,0.0
0.31234375,-1.58309375,10.75546875,0.0
0.31325000000000003,-1.58325,10.75525,0.0
0.31415625,-1.5834062500000001,10.75503125,0.0
0.3150625,-1.5835625,10.7548125,0.0
0.31596875,-1.58371875,10.75459375,0.0
0.316875,-1.583875,10.754375,0.0
0.31778125,-1.58403125,10.75415625,0.0
0.3186875,-1.5841875,10.7539375,0.0
0.31959375,-1.58434375,10.753718749999999,0.0
0.3205,-1.5845,10.753499999999999,0.0
0.32140625,-1.58465625,10.75328125,0.0
0.3223125,-1.5848125,10.7530625,0.0
0.32321875,-1.58496875,10.75284375,0.0
0.324125,-1.5851250000000001,10.752625,0.0
0.32503125,-1.58528125,10.75240625,0.0
0.3259375,-1.5854375,10.7521875,0.0
0.32684375,-1.58559375,10.75196875,0.0
0.32775,-1.58575,10.75175,0.0
0.32865625000000004,-1.58590625,10.75153125,0.0
0.32956250000000004,-1.5860625,10.7513125,0.0
0.33046875000000003,-1.58621875,10.75109375,0.0
0.33137500000000003,-1.5863749999999999,10.750875,0.0
0.33228125000000003,-1.58653125,10.75065625,0.0
0.3331875,-1.5866875,10.7504375,0.0
0.33409375,-1.5868437499999999,10.75021875,0.0
0.335,-1.587,10.75,0.0
0.33565625000000004,-1.587,10.74909375,0.0
0.3363125,-1.587,10.7481875,0.0
0.33696875000000004,-1.587,10.74728125,0.0
0.337625,-1.587,10.746375,0.0
0.33828125000000003,-1.587,10.74546875,0.0
0.3389375,-1.587,10.7445625,0.0
0.33959375,-1.587,10.74365625,0.0
0.34025,-1.587,10.742750000000001,0.0
0.34090625,-1.587,10.74184375,0.0
0.3415625,-1.587,10.7409375,0.0
0.34221875,-1.587,10.74003125,0.0
0.342875,-1.587,10.739125,0.0
0.34353125,-1.587,10.73821875,0.0
0.3441875,-1.587,10.7373125,0.0
0.34484375,-1.587,10.73640625,0.0
0.34550000000000003,-1.587,10.7355,0.0
0.34615625,-1.587,10.73459375,0.0
0.3468125,-1.587,10.7336875,0.0
0.34746875,-1.587,10.73278125,0.0
0.348125,-1.587,10.731875,0.0
0.34878125,-1.587,10.73096875,0.0
0.3494375,-1.587,10.7300625,0.0
0.35009375,-1.587,10.72915625,0.0
0.35075,-1.587,10.72825,0.0
0.35140625,-1.587,10.72734375,0.0
0.3520625,-1.587,10.7264375,0.0
0.35271874999999997,-1.587,10.72553125,0.0
0.353375,-1.587,10.724625,0.0
0.35403124999999996,-1.587,10.72371875,0.0
0.3546875,-1.587,10.7228125,0.0
0.35534374999999996,-1.587,10.72190625,0.0
0.356,-1.587,10.721,0.0
0.35728125,-1.5878125,10.721,0.0
0.3585625,-1.588625,10.721,0.0
0.35984374999999996,-1.5894375,10.721,0.0
0.361125,-1.59025,10.721,0.0
0.36240625,-1.5910625,10.721,0.0
0.3636875,-1.591875,10.721,0.0
0.36496875,-1.5926875,10.721,0.0
0.36624999999999996,-1.5935,10.721,0.0
0.36753125,-1.5943125,10.721,0.0
0.3688125,-1.595125,10.721,0.0
0.37009375,-1.5959375,10.721,0.0
0.371375,-1.59675,10.721,0.0
0.37265625,-1.5975625,10.721,0.0
0.3739375,-1.5983749999999999,10.721,0.0
0.37521875,-1.5991875,10.721,0.0
0.3765,-1.6,10.721,0.0
0.37778125,-1.6008125,10.721,0.0
0.3790625,-1.601625,10.721,0.0
0.38034375,-1.6024375,10.721,0.0
0.381625,-1.60325,10.721,0.0
0.38290625,-1.6040625,10.721,0.0
0.3841875,-1.604875,10.721,0.0
0.38546875,-1.6056875,10.721,0.0
0.38675000000000004,-1.6065,10.721,0.0
0.38803125,-1.6073125,10.721,0.0
0.3893125,-1.608125,10.721,0.0
0.39059375,-1.6089375,10.721,0.0
0.39187500000000003,-1.60975,10.721,0.0
0.39315625,-1.6105625,10.721,0.0
0.3944375,-1.611375,10.721,0.0
0.39571875,-1.6121874999999999,10.721,0.0
0.397,-1.613,10.721,0.0
0.39790625,-1.61309375,10.7201875,0.0
0.3988125,-1.6131875,10.719375,0.0
0.39971875,-1.61328125,10.7185625,0.0
0.400625,-1.613375,10.71775,0.0
0.40153125,-1.61346875,10.7169375,0.0
0.4024375,-1.6135625,10.716125,0.0
0.40334375,-1.61365625,10.7153125,0.0
0.40425,-1.61375,10.714500000000001,0.0
0.40515625,-1.61384375,10.7136875,0.0
0.4060625,-1.6139375,10.712875,0.0
0.40696875,-1.61403125,10.7120625,0.0
0.407875,-1.614125,10.71125,0.0
0.40878125,-1.61421875,10.7104375,0.0
0.4096875,-1.6143125,10.709625,0.0
0.41059375,-1.61440625,10.7088125,0.0
0.4115,-1.6145,10.708,0.0
0.41240625000000003,-1.61459375,10.7071875,0.0
0.4133125,-1.6146875,10.706375,0.0
0.41421875,-1.61478125,10.705562500000001,0.0
0.415125,-1.614875,10.70475,0.0
0.41603125,-1.61496875,10.7039375,0.0
0.4169375,-1.6150625,10.703125,0.0
0.41784375,-1.61515625,10.7023125,0.0
0.41875,-1.61525,10.7015,0.0
0.41965625,-1.61534375,10.7006875,0.0
0.4205625,-1.6154375,10.699875,0.0
0.42146875,-1.61553125,10.6990625,0.0
0.422375,-1.615625,10.69825,0.0
0.42328125,-1.61571875,10.6974375,0.0
0.4241875,-1.6158125,10.696625000000001,0.0
0.42509375,-1.61590625,10.6958125,0.0
0.426,-1.616,10.695,0.0
0.42643749999999997,-1.6156875000000002,10.6939375,0.0
0.426875,-1.615375,10.692875,0.0
0.4273125,-1.6150625,10.691812500000001,0.0
0.42774999999999996,-1.6147500000000001,10.69075,0.0
0.4281875,-1.6144375000000002,10.6896875,0.0
0.428625,-1.614125,10.688625,0.0
0.4290625,-1.6138125,10.6875625,0.0
0.4295,-1.6135000000000002,10.6865,0.0
0.4299375,-1.6131875,10.6854375,0.0
0.430375,-1.612875,10.684375,0.0
0.4308125,-1.6125625000000001,10.6833125,0.0
0.43125,-1.6122500000000002,10.68225,0.0
0.4316875,-1.6119375,10.6811875,0.0
0.432125,-1.611625,10.680125,0.0
0.4325625,-1.6113125000000001,10.6790625,0.0
0.433,-1.6110000000000002,10.678,0.0
0.4334375,-1.6106875,10.6769375,0.0
0.433875,-1.6103750000000001,10.675875,0.0
0.4343125,-1.6100625000000002,10.6748125,0.0
0.43474999999999997,-1.60975,10.67375,0.0
0.4351875,-1.6094375,10.6726875,0.0
0.435625,-1.6091250000000001,10.671625,0.0
0.4360625,-1.6088125000000002,10.670562499999999,0.0
0.4365,-1.6085,10.6695,0.0
0.4369375,-1.6081875,10.6684375,0.0
0.437375,-1.6078750000000002,10.667375,0.0
0.4378125,-1.6075625,10.6663125,0.0
0.43825000000000003,-1.60725,10.66525,0.0
0.4386875,-1.6069375000000001,10.664187499999999,0.0
0.439125,-1.6066250000000002,10.663124999999999,0.0
0.4395625,-1.6063125,10.6620625,0.0
0.44,-1.606,10.661,0.0
0.44096875,-1.6065312500000002,10.66040625,0.0
0.4419375,-1.6070625,10.6598125,0.0
0.44290625,-1.6075937500000002,10.659218749999999,0.0
0.443875,-1.608125,10.658624999999999,0.0
0.44484375,-1.6086562500000001,10.658031249999999,0.0
0.4458125,-1.6091875,10.6574375,0.0
0.44678125,-1.60971875,10.65684375,0.0
0.44775,-1.6102500000000002,10.65625,0.0
0.44871875,-1.61078125,10.65565625,0.0
0.4496875,-1.6113125000000001,10.6550625,0.0
0.45065625,-1.61184375,10.65446875,0.0
0.451625,-1.6123750000000001,10.653875,0.0
0.45259375,-1.61290625,10.65328125,0.0
0.4535625,-1.6134375,10.652687499999999,0.0
0.45453125,-1.61396875,10.652093749999999,0.0
0.4555,-1.6145,10.651499999999999,0.0
0.45646875,-1.6150312500000001,10.65090625,0.0
0.4574375,-1.6155625,10.6503125,0.0
0.45840625,-1.61609375,10.64971875,0.0
0.459375,-1.616625,10.649125,0.0
0.46034375,-1.61715625,10.64853125,0.0
0.46131249999999996,-1.6176875,10.6479375,0.0
0.46228125,-1.61821875,10.64734375,0.0
0.46325,-1.61875,10.646749999999999,0.0
0.46421874999999996,-1.61928125,10.646156249999999,0.0
0.4651875,-1.6198125,10.645562499999999,0.0
0.46615625,-1.62034375,10.64496875,0.0
0.46712499999999996,-1.620875,10.644375,0.0
0.46809375,-1.62140625,10.64378125,0.0
0.4690625,-1.6219375,10.6431875,0.0
0.47003124999999996,-1.62246875,10.64259375,0.0
0.471,-1.623,10.642,0.0
0.47159375,-1.62315625,10.640218749999999,0.0
0.4721875,-1.6233125,10.6384375,0.0
0.47278125,-1.62346875,10.63665625,0.0
0.473375,-1.623625,10.634875,0.0
0.47396875,-1.62378125,10.63309375,0.0
0.4745625,-1.6239375,10.6313125,0.0
0.47515625,-1.62409375,10.62953125,0.0
0.47575,-1.62425,10.627749999999999,0.0
0.47634374999999995,-1.62440625,10.62596875,0.0
0.47693749999999996,-1.6245625,10.6241875,0.0
0.47753124999999996,-1.62471875,10.62240625,0.0
0.47812499999999997,-1.6248749999999998,10.620625,0.0
0.47871874999999997,-1.62503125,10.61884375,0.0
0.4793125,-1.6251875,10.6170625,0.0
0.47990625,-1.6253437499999999,10.61528125,0.0
0.4805,-1.6255,10.6135,0.0
0.48109375,-1.62565625,10.61171875,0.0
0.4816875,-1.6258124999999999,10.609937500000001,0.0
0.48228125,-1.62596875,10.60815625,0.0
0.482875,-1.626125,10.606375,0.0
0.48346875,-1.62628125,10.604593750000001,0.0
0.4840625,-1.6264375,10.6028125,0.0
0.48465625,-1.6265937499999998,10.60103125,0.0
0.48524999999999996,-1.62675,10.599250000000001,0.0
0.48584374999999996,-1.62690625,10.59746875,0.0
0.48643749999999997,-1.6270624999999999,10.5956875,0.0
0.48703124999999997,-1.62721875,10.59390625,0.0
0.487625,-1.6273749999999998,10.592125000000001,0.0
0.48821875,-1.6275312499999999,10.59034375,0.0
0.4888125,-1.6276875,10.5885625,0.0
0.48940625,-1.6278437499999998,10.586781250000001,0.0
0.49,-1.628,10.585,0.0
0.49015625,-1.6274687499999998,10.584093750000001,0.0
0.4903125,-1.6269375,10.583187500000001,0.0
0.49046875,-1.6264062499999998,10.582281250000001,0.0
0.490625,-1.625875,10.581375000000001,0.0
0.49078125,-1.6253437499999999,10.580468750000001,0.0
0.49093749999999997,-1.6248125,10.5795625,0.0
0.49109375,-1.62428125,10.57865625,0.0
0.49124999999999996,-1.6237499999999998,10.57775,0.0
0.49140625,-1.62321875,10.57684375,0.0
0.4915625,-1.6226874999999998,10.5759375,0.0
0.49171875,-1.62215625,10.57503125,0.0
0.491875,-1.6216249999999999,10.574125,0.0
0.49203125,-1.62109375,10.57321875,0.0
0.4921875,-1.6205625,10.5723125,0.0
0.49234374999999997,-1.62003125,10.57140625,0.0
0.4925,-1.6195,10.5705,0.0
0.49265625,-1.6189687499999998,10.56959375,0.0
0.4928125,-1.6184375,10.5686875,0.0
0.49296875,-1.6179062499999999,10.56778125,0.0
0.493125,-1.617375,10.566875,0.0
0.49328125,-1.61684375,10.56596875,0.0
0.4934375,-1.6163125,10.5650625,0.0
0.49359375,-1.61578125,10.56415625,0.0
0.49375,-1.61525,10.56325,0.0
0.49390625,-1.61471875,10.56234375,0.0
0.4940625,-1.6141874999999999,10.5614375,0.0
0.49421875,-1.61365625,10.560531249999999,0.0
0.494375,-1.613125,10.559624999999999,0.0
0.49453125,-1.61259375,10.558718749999999,0.0
0.4946875,-1.6120625,10.557812499999999,0.0
0.49484374999999997,-1.61153125,10.556906249999999,0.0
0.495,-1.611,10.556,0.0
0.4960625,-1.61090625,10.554812499999999,0.0
0.497125,-1.6108125,10.553624999999998,0.0
0.4981875,-1.61071875,10.5524375,0.0
0.49924999999999997,-1.610625,10.55125,0.0
0.5003125,-1.61053125,10.5500625,0.0
0.501375,-1.6104375,10.548874999999999,0.0
0.5024375,-1.61034375,10.5476875,0.0
0.5035000000000001,-1.61025,10.5465,0.0
0.5045625,-1.61015625,10.5453125,0.0
0.505625,-1.6100625,10.544125,0.0
0.5066875,-1.60996875,10.542937499999999,0.0
0.50775,-1.609875,10.54175,0.0
0.5088125,-1.60978125,10.5405625,0.0
0.509875,-1.6096875,10.539375,0.0
0.5109375,-1.60959375,10.5381875,0.0
0.512,-1.6095000000000002,10.536999999999999,0.0
0.5130625,-1.6094062500000001,10.5358125,0.0
0.514125,-1.6093125000000001,10.534625,0.0
0.5151875,-1.6092187500000001,10.5334375,0.0
0.51625,-1.6091250000000001,10.53225,0.0
0.5173125000000001,-1.6090312500000001,10.5310625,0.0
0.518375,-1.6089375000000001,10.529875,0.0
0.5194375,-1.6088437500000001,10.5286875,0.0
0.5205,-1.6087500000000001,10.5275,0.0
0.5215625,-1.6086562500000001,10.5263125,0.0
0.522625,-1.6085625000000001,10.525125000000001,0.0
0.5236875,-1.6084687500000001,10.5239375,0.0
0.52475,-1.608375,10.52275,0.0
0.5258125,-1.60828125,10.5215625,0.0
0.526875,-1.6081875,10.520375000000001,0.0
0.5279375000000001,-1.60809375,10.519187500000001,0.0
0.529,-1.608,10.518,0.0
0.5295000000000001,-1.608,10.516031250000001,0.0
0.53,-1.608,10.514062500000001,0.0
0.5305,-1.608,10.51209375,0.0
0.531,-1.608,10.510125,0.0
0.5315000000000001,-1.608,10.50815625,0.0
0.532,-1.608,10.506187500000001,0.0
0.5325,-1.608,10.50421875,0.0
0.533,-1.608,10.50225,0.0
0.5335000000000001,-1.608,10.50028125,0.0
0.534,-1.608,10.4983125,0.0
0.5345,-1.608,10.496343750000001,0.0
0.535,-1.608,10.494375,0.0
0.5355000000000001,-1.608,10.49240625,0.0
0.536,-1.608,10.4904375,0.0
0.5365,-1.608,10.488468750000001,0.0
0.537,-1.608,10.4865,0.0
0.5375000000000001,-1.608,10.48453125,0.0
0.538,-1.608,10.4825625,0.0
0.5385,-1.608,10.48059375,0.0
0.539,-1.608,10.478625000000001,0.0
0.5395000000000001,-1.608,10.47665625,0.0
0.54,-1.608,10.4746875,0.0
0.5405,-1.608,10.47271875,0.0
0.541,-1.608,10.47075,0.0
0.5415000000000001,-1.608,10.468781250000001,0.0
0.542,-1.608,10.4668125,0.0
0.5425,-1.608,10.46484375,0.0
0.543,-1.608,10.462875,0.0
0.5435000000000001,-1.608,10.46090625,0.0
0.544,-1.608,10.4589375,0.0
0.5445,-1.608,10.45696875,0.0
0.545,-1.608,10.455,0.0
0.54525,-1.608375,10.4545625,0.0
0.5455000000000001,-1.6087500000000001,10.454125,0.0
0.5457500000000001,-1.6091250000000001,10.453687500000001,0.0
0.546,-1.6095000000000002,10.45325,0.0
0.54625,-1.6098750000000002,10.4528125,0.0
0.5465,-1.6102500000000002,10.452375,0.0
0.5467500000000001,-1.6106250000000002,10.4519375,0.0
0.547,-1.6110000000000002,10.4515,0.0
0.54725,-1.611375,10.4510625,0.0
0.5475000000000001,-1.61175,10.450625,0.0
0.5477500000000001,-1.612125,10.4501875,0.0
0.548,-1.6125,10.44975,0.0
0.54825,-1.612875,10.4493125,0.0
0.5485,-1.61325,10.448875000000001,0.0
0.5487500000000001,-1.613625,10.4484375,0.0
0.549,-1.614,10.448,0.0
0.54925,-1.6143750000000001,10.4475625,0.0
0.5495000000000001,-1.6147500000000001,10.447125,0.0
0.5497500000000001,-1.6151250000000001,10.446687500000001,0.0
0.55,-1.6155000000000002,10.446250000000001,0.0
0.55025,-1.6158750000000002,10.4458125,0.0
0.5505,-1.6162500000000002,10.445375,0.0
0.5507500000000001,-1.6166250000000002,10.4449375,0.0
0.551,-1.617,10.444500000000001,0.0
0.55125,-1.617375,10.444062500000001,0.0
0.5515000000000001,-1.61775,10.443625,0.0
0.5517500000000001,-1.618125,10.4431875,0.0
0.552,-1.6185,10.44275,0.0
0.55225,-1.618875,10.4423125,0.0
0.5525,-1.61925,10.441875000000001,0.0
0.5527500000000001,-1.619625,10.441437500000001,0.0
0.553,-1.62,10.441,0.0
0.55359375,-1.6195000000000002,10.438375,0.0
0.5541875,-1.6190000000000002,10.43575,0.0
0.55478125,-1.6185,10.433125,0.0
0.5553750000000001,-1.618,10.4305,0.0
0.55596875,-1.6175000000000002,10.427875,0.0
0.5565625000000001,-1.617,10.42525,0.0
0.55715625,-1.6165,10.422625,0.0
0.55775,-1.616,10.42,0.0
0.55834375,-1.6155000000000002,10.417375,0.0
0.5589375,-1.6150000000000002,10.41475,0.0
0.55953125,-1.6145,10.412125,0.0
0.560125,-1.614,10.4095,0.0
0.56071875,-1.6135000000000002,10.406875,0.0
0.5613125,-1.613,10.40425,0.0
0.56190625,-1.6125,10.401625,0.0
0.5625,-1.612,10.399000000000001,0.0
0.56309375,-1.6115000000000002,10.396375,0.0
0.5636875,-1.6110000000000002,10.39375,0.0
0.56428125,-1.6105,10.391125,0.0
0.564875,-1.61,10.3885,0.0
0.56546875,-1.6095000000000002,10.385875,0.0
0.5660625,-1.609,10.38325,0.0
0.56665625,-1.6085,10.380625,0.0
0.56725,-1.608,10.378,0.0
0.56784375,-1.6075000000000002,10.375375,0.0
0.5684374999999999,-1.6070000000000002,10.37275,0.0
0.56903125,-1.6065,10.370125,0.0
0.5696249999999999,-1.606,10.3675,0.0
0.57021875,-1.6055000000000001,10.364875,0.0
0.5708125,-1.605,10.36225,0.0
0.57140625,-1.6045,10.359625,0.0
0.572,-1.604,10.357,0.0
0.5725937499999999,-1.60346875,10.353937499999999,0.0
0.5731875,-1.6029375000000001,10.350874999999998,0.0
0.5737812499999999,-1.60240625,10.3478125,0.0
0.574375,-1.6018750000000002,10.34475,0.0
0.5749687499999999,-1.60134375,10.341687499999999,0.0
0.5755625,-1.6008125,10.338625,0.0
0.5761562499999999,-1.60028125,10.3355625,0.0
0.57675,-1.59975,10.3325,0.0
0.5773437499999999,-1.5992187500000001,10.3294375,0.0
0.5779375,-1.5986875,10.326374999999999,0.0
0.5785312499999999,-1.59815625,10.3233125,0.0
0.579125,-1.597625,10.32025,0.0
0.57971875,-1.59709375,10.3171875,0.0
0.5803125,-1.5965625,10.314125,0.0
0.58090625,-1.59603125,10.3110625,0.0
0.5814999999999999,-1.5955,10.308,0.0
0.58209375,-1.59496875,10.3049375,0.0
0.5826874999999999,-1.5944375,10.301874999999999,0.0
0.58328125,-1.59390625,10.2988125,0.0
0.5838749999999999,-1.593375,10.29575,0.0
0.58446875,-1.5928437500000001,10.2926875,0.0
0.5850624999999999,-1.5923125,10.289625000000001,0.0
0.58565625,-1.59178125,10.2865625,0.0
0.5862499999999999,-1.59125,10.2835,0.0
0.58684375,-1.59071875,10.2804375,0.0
0.5874375,-1.5901875,10.277375,0.0
0.58803125,-1.58965625,10.2743125,0.0
0.588625,-1.589125,10.27125,0.0
0.58921875,-1.58859375,10.2681875,0.0
0.5898125,-1.5880625,10.265125000000001,0.0
0.59040625,-1.58753125,10.2620625,0.0
0.591,-1.587,10.259,0.0
0.5915937499999999,-1.587,10.2578125,0.0
0.5921875,-1.587,10.256625,0.0
0.5927812499999999,-1.587,10.255437500000001,0.0
0.593375,-1.587,10.25425,0.0
0.5939687499999999,-1.587,10.2530625,0.0
0.5945625,-1.587,10.251875,0.0
0.5951562499999999,-1.587,10.2506875,0.0
0.59575,-1.587,10.249500000000001,0.0
0.59634375,-1.587,10.2483125,0.0
0.5969375,-1.587,10.247125,0.0
0.59753125,-1.587,10.2459375,0.0
0.598125,-1.587,10.24475,0.0
0.59871875,-1.587,10.2435625,0.0
0.5993125,-1.587,10.242375000000001,0.0
0.59990625,-1.587,10.2411875,0.0
0.6005,-1.587,10.24,0.0
0.60109375,-1.587,10.2388125,0.0
0.6016874999999999,-1.587,10.237625,0.0
0.60228125,-1.587,10.236437500000001,0.0
0.6028749999999999,-1.587,10.23525,0.0
0.60346875,-1.587,10.2340625,0.0
0.6040625,-1.587,10.232875,0.0
0.60465625,-1.587,10.2316875,0.0
0.60525,-1.587,10.2305,0.0
0.60584375,-1.587,10.2293125,0.0
0.6064375,-1.587,10.228125,0.0
0.60703125,-1.587,10.2269375,0.0
0.607625,-1.587,10.22575,0.0
0.60821875,-1.587,10.2245625,0.0
0.6088125,-1.587,10.223375,0.0
0.60940625,-1.587,10.2221875,0.0
0.61,-1.587,10.221,0.0
0.6104375,-1.5863125,10.2188125,0.0
0.610875,-1.585625,10.216625,0.0
0.6113125,-1.5849374999999999,10.2144375,0.0
0.61175,-1.58425,10.212250000000001,0.0
0.6121875,-1.5835625,10.2100625,0.0
0.612625,-1.582875,10.207875,0.0
0.6130625,-1.5821874999999999,10.2056875,0.0
0.6134999999999999,-1.5815,10.2035,0.0
0.6139375,-1.5808125,10.2013125,0.0
0.614375,-1.580125,10.199125,0.0
0.6148125,-1.5794375,10.1969375,0.0
0.61525,-1.5787499999999999,10.194749999999999,0.0
0.6156874999999999,-1.5780625,10.1925625,0.0
0.616125,-1.577375,10.190375,0.0
0.6165625,-1.5766875,10.1881875,0.0
0.617,-1.576,10.186,0.0
0.6174375,-1.5753125,10.1838125,0.0
0.617875,-1.574625,10.181625,0.0
0.6183125,-1.5739375,10.1794375,0.0
0.61875,-1.57325,10.17725,0.0
0.6191875,-1.5725624999999999,10.1750625,0.0
0.619625,-1.571875,10.172875,0.0
0.6200625,-1.5711875,10.1706875,0.0
0.6205,-1.5705,10.1685,0.0
0.6209375,-1.5698125,10.1663125,0.0
0.621375,-1.5691249999999999,10.164125,0.0
0.6218125,-1.5684375,10.1619375,0.0
0.62225,-1.56775,10.159749999999999,0.0
0.6226875,-1.5670625,10.1575625,0.0
0.623125,-1.5663749999999999,10.155375,0.0
0.6235625,-1.5656875,10.1531875,0.0
0.624,-1.565,10.151,0.0
0.62425,-1.56478125,10.147499999999999,0.0
0.6245,-1.5645624999999999,10.144,0.0
0.62475,-1.56434375,10.1405,0.0
0.625,-1.564125,10.137,0.0
0.62525,-1.56390625,10.1335,0.0
0.6255,-1.5636875,10.129999999999999,0.0
0.62575,-1.56346875,10.1265,0.0
0.626,-1.56325,10.123,0.0
0.62625,-1.5630312499999999,10.1195,0.0
0.6265000000000001,-1.5628125,10.116,0.0
0.62675,-1.56259375,10.112499999999999,0.0
0.627,-1.562375,10.109,0.0
0.62725,-1.56215625,10.1055,0.0
0.6275,-1.5619375,10.102,0.0
0.62775,-1.56171875,10.0985,0.0
0.628,-1.5615,10.094999999999999,0.0
0.62825,-1.56128125,10.0915,0.0
0.6285000000000001,-1.5610625,10.088,0.0
0.62875,-1.56084375,10.0845,0.0
0.629,-1.560625,10.081,0.0
0.62925,-1.56040625,10.0775,0.0
0.6295,-1.5601875,10.074,0.0
0.62975,-1.5599687500000001,10.0705,0.0
0.63,-1.55975,10.067,0.0
0.63025,-1.55953125,10.0635,0.0
0.6305000000000001,-1.5593125,10.06,0.0
0.63075,-1.55909375,10.0565,0.0
0.631,-1.558875,10.052999999999999,0.0
0.63125,-1.55865625,10.0495,0.0
0.6315,-1.5584375000000001,10.046,0.0
0.63175,-1.55821875,10.0425,0.0
0.632,-1.558,10.039,0.0
0.63221875,-1.5589062500000002,10.03690625,0.0
0.6324375,-1.5598125,10.0348125,0.0
0.63265625,-1.56071875,10.032718749999999,0.0
0.632875,-1.561625,10.030625,0.0
0.63309375,-1.5625312500000001,10.02853125,0.0
0.6333125000000001,-1.5634375,10.0264375,0.0
0.63353125,-1.56434375,10.02434375,0.0
0.63375,-1.56525,10.02225,0.0
0.63396875,-1.5661562500000001,10.02015625,0.0
0.6341875,-1.5670625,10.0180625,0.0
0.6344062500000001,-1.56796875,10.015968749999999,0.0
0.634625,-1.568875,10.013874999999999,0.0
0.63484375,-1.5697812500000001,10.01178125,0.0
0.6350625,-1.5706875,10.0096875,0.0
0.63528125,-1.57159375,10.00759375,0.0
0.6355,-1.5725,10.0055,0.0
0.63571875,-1.5734062500000001,10.00340625,0.0
0.6359375,-1.5743125,10.0013125,0.0
0.63615625,-1.57521875,9.999218749999999,0.0
0.636375,-1.576125,9.997125,0.0
0.63659375,-1.57703125,9.99503125,0.0
0.6368125,-1.5779375,9.9929375,0.0
0.63703125,-1.5788437499999999,9.99084375,0.0
0.63725,-1.57975,9.98875,0.0
0.63746875,-1.58065625,9.98665625,0.0
0.6376875,-1.5815625,9.9845625,0.0
0.63790625,-1.5824687499999999,9.982468749999999,0.0
0.638125,-1.583375,9.980374999999999,0.0
0.63834375,-1.58428125,9.97828125,0.0
0.6385625,-1.5851875,9.9761875,0.0
0.63878125,-1.5860937499999999,9.97409375,0.0
0.639,-1.587,9.972,0.0
0.6386875,-1.587375,9.969375,0.0
0.638375,-1.58775,9.96675,0.0
0.6380625,-1.588125,9.964125,0.0
0.63775,-1.5885,9.9615,0.0
0.6374375,-1.588875,9.958874999999999,0.0
0.637125,-1.58925,9.956249999999999,0.0
0.6368125,-1.589625,9.953624999999999,0.0
0.6365000000000001,-1.5899999999999999,9.951,0.0
0.6361875,-1.5903749999999999,9.948375,0.0
0.635875,-1.5907499999999999,9.94575,0.0
0.6355625,-1.591125,9.943125,0.0
0.63525,-1.5915,9.9405,0.0
0.6349375,-1.591875,9.937875,0.0
0.634625,-1.59225,9.93525,0.0
0.6343125000000001,-1.592625,9.932625,0.0
0.634,-1.593,9.93,0.0
0.6336875,-1.593375,9.927375,0.0
0.633375,-1.59375,9.92475,0.0
0.6330625,-1.594125,9.922125,0.0
0.63275,-1.5945,9.9195,0.0
0.6324375,-1.594875,9.916875,0.0
0.632125,-1.59525,9.91425,0.0
0.6318125,-1.595625,9.911624999999999,0.0
0.6315,-1.596,9.908999999999999,0.0
0.6311875,-1.5963749999999999,9.906375,0.0
0.630875,-1.59675,9.90375,0.0
0.6305625,-1.597125,9.901125,0.0
0.63025,-1.5975,9.8985,0.0
0.6299375,-1.597875,9.895875,0.0
0.629625,-1.59825,9.89325,0.0
0.6293125,-1.598625,9.890625,0.0
0.629,-1.599,9.888,0.0
0.62803125,-1.5998125,9.8865,0.0
0.6270625,-1.600625,9.885,0.0
0.62609375,-1.6014375,9.8835,0.0
0.625125,-1.60225,9.882,0.0
0.62415625,-1.6030625,9.8805,0.0
0.6231875,-1.603875,9.879,0.0
0.62221875,-1.6046875,9.8775,0.0
0.62125,-1.6055,9.876,0.0
0.62028125,-1.6063125,9.8745,0.0
0.6193125,-1.607125,9.873,0.0
0.61834375,-1.6079375,9.8715,0.0
0.617375,-1.60875,9.87,0.0
0.61640625,-1.6095625,9.8685,0.0
0.6154375,-1.610375,9.866999999999999,0.0
0.61446875,-1.6111875,9.865499999999999,0.0
0.6134999999999999,-1.612,9.864,0.0
0.61253125,-1.6128125,9.8625,0.0
0.6115625,-1.613625,9.861,0.0
0.6105937499999999,-1.6144375,9.8595,0.0
0.609625,-1.61525,9.858,0.0
0.60865625,-1.6160625,9.8565,0.0
0.6076874999999999,-1.616875,9.855,0.0
0.60671875,-1.6176875,9.8535,0.0
0.60575,-1.6185,9.852,0.0
0.6047812499999999,-1.6193125,9.8505,0.0
0.6038125,-1.620125,9.849,0.0
0.60284375,-1.6209375,9.8475,0.0
0.6018749999999999,-1.62175,9.846,0.0
0.60090625,-1.6225625,9.8445,0.0
0.5999375,-1.623375,9.843,0.0
0.5989687499999999,-1.6241875,9.8415,0.0
0.598,-1.625,9.84,0.0
0.5977812499999999,-1.62446875,9.83828125,0.0
0.5975625,-1.6239375,9.8365625,0.0
0.59734375,-1.62340625,9.83484375,0.0
0.597125,-1.622875,9.833124999999999,0.0
0.59690625,-1.62234375,9.83140625,0.0
0.5966874999999999,-1.6218125,9.8296875,0.0
0.59646875,-1.62128125,9.82796875,0.0
0.59625,-1.6207500000000001,9.82625,0.0
0.59603125,-1.62021875,9.82453125,0.0
0.5958125,-1.6196875,9.8228125,0.0
0.5955937499999999,-1.61915625,9.82109375,0.0
0.595375,-1.618625,9.819375,0.0
0.5951562499999999,-1.61809375,9.81765625,0.0
0.5949375,-1.6175625,9.8159375,0.0
0.59471875,-1.6170312500000001,9.81421875,0.0
0.5945,-1.6165,9.8125,0.0
0.59428125,-1.61596875,9.81078125,0.0
0.5940624999999999,-1.6154375,9.8090625,0.0
0.59384375,-1.61490625,9.80734375,0.0
0.593625,-1.6143750000000001,9.805625,0.0
0.59340625,-1.61384375,9.80390625,0.0
0.5931875,-1.6133125000000001,9.8021875,0.0
0.5929687499999999,-1.61278125,9.80046875,0.0
0.59275,-1.61225,9.79875,0.0
0.59253125,-1.61171875,9.79703125,0.0
0.5923125,-1.6111875,9.7953125,0.0
0.59209375,-1.6106562500000001,9.79359375,0.0
0.5918749999999999,-1.610125,9.791875000000001,0.0
0.59165625,-1.6095937500000002,9.79015625,0.0
0.5914375,-1.6090625,9.7884375,0.0
0.59121875,-1.6085312500000002,9.78671875,0.0
0.591,-1.608,9.785,0.0
0.5898749999999999,-1.6086250000000002,9.78209375,0.0
0.58875,-1.60925,9.7791875,0.0
0.587625,-1.6098750000000002,9.77628125,0.0
0.5865,-1.6105,9.773375,0.0
0.585375,-1.6111250000000001,9.770468750000001,0.0
0.5842499999999999,-1.61175,9.7675625,0.0
0.583125,-1.6123750000000001,9.76465625,0.0
0.582,-1.613,9.76175,0.0
0.580875,-1.613625,9.75884375,0.0
0.57975,-1.61425,9.7559375,0.0
0.578625,-1.614875,9.75303125,0.0
0.5775,-1.6155,9.750125,0.0
0.576375,-1.616125,9.74721875,0.0
0.57525,-1.61675,9.7443125,0.0
0.574125,-1.617375,9.74140625,0.0
0.573,-1.6179999999999999,9.7385,0.0
0.571875,-1.618625,9.73559375,0.0
0.57075,-1.61925,9.7326875,0.0
0.569625,-1.619875,9.72978125,0.0
0.5685,-1.6205,9.726875,0.0
0.5673750000000001,-1.621125,9.723968750000001,0.0
0.56625,-1.62175,9.7210625,0.0
0.565125,-1.622375,9.71815625,0.0
0.5640000000000001,-1.623,9.715250000000001,0.0
0.562875,-1.6236249999999999,9.71234375,0.0
0.5617500000000001,-1.62425,9.7094375,0.0
0.560625,-1.6248749999999998,9.70653125,0.0
0.5595,-1.6255,9.703625,0.0
0.5583750000000001,-1.6261249999999998,9.70071875,0.0
0.55725,-1.62675,9.6978125,0.0
0.5561250000000001,-1.6273749999999998,9.69490625,0.0
0.555,-1.628,9.692,0.0
0.55425,-1.6272499999999999,9.68921875,0.0
0.5535000000000001,-1.6264999999999998,9.6864375,0.0
0.5527500000000001,-1.6257499999999998,9.68365625,0.0
0.552,-1.625,9.680875,0.0
0.55125,-1.62425,9.67809375,0.0
0.5505,-1.6235,9.6753125,0.0
0.5497500000000001,-1.62275,9.67253125,0.0
0.549,-1.6219999999999999,9.66975,0.0
0.54825,-1.6212499999999999,9.66696875,0.0
0.5475000000000001,-1.6205,9.6641875,0.0
0.5467500000000001,-1.61975,9.66140625,0.0
0.546,-1.619,9.658625,0.0
0.54525,-1.61825,9.65584375,0.0
0.5445,-1.6175,9.6530625,0.0
0.5437500000000001,-1.61675,9.65028125,0.0
0.543,-1.616,9.6475,0.0
0.54225,-1.61525,9.64471875,0.0
0.5415000000000001,-1.6145,9.6419375,0.0
0.5407500000000001,-1.61375,9.63915625,0.0
0.54,-1.613,9.636375,0.0
0.53925,-1.61225,9.63359375,0.0
0.5385,-1.6115,9.6308125,0.0
0.5377500000000001,-1.6107500000000001,9.62803125,0.0
0.537,-1.61,9.62525,0.0
0.53625,-1.60925,9.62246875,0.0
0.5355000000000001,-1.6085,9.6196875,0.0
0.5347500000000001,-1.60775,9.61690625,0.0
0.534,-1.607,9.614125,0.0
0.53325,-1.6062500000000002,9.61134375,0.0
0.5325,-1.6055000000000001,9.6085625,0.0
0.5317500000000001,-1.6047500000000001,9.60578125,0.0
0.531,-1.604,9.603,0.0
0.53025,-1.604375,9.601875,0.0
0.5295000000000001,-1.6047500000000001,9.60075,0.0
0.52875,-1.6051250000000001,9.599625,0.0
0.528,-1.6055000000000001,9.5985,0.0
0.52725,-1.6058750000000002,9.597375,0.0
0.5265,-1.6062500000000002,9.59625,0.0
0.52575,-1.6066250000000002,9.595125,0.0
0.525,-1.6070000000000002,9.594,0.0
0.52425,-1.607375,9.592875,0.0
0.5235000000000001,-1.60775,9.59175,0.0
0.52275,-1.608125,9.590625,0.0
0.522,-1.6085,9.5895,0.0
0.52125,-1.608875,9.588375,0.0
0.5205,-1.60925,9.58725,0.0
0.51975,-1.609625,9.586125,0.0
0.519,-1.61,9.585,0.0
0.51825,-1.6103750000000001,9.583875,0.0
0.5175000000000001,-1.6107500000000001,9.58275,0.0
0.51675,-1.6111250000000001,9.581625,0.0
0.516,-1.6115000000000002,9.5805,0.0
0.51525,-1.6118750000000002,9.579375,0.0
0.5145,-1.6122500000000002,9.57825,0.0
0.51375,-1.6126250000000002,9.577125,0.0
0.513,-1.613,9.576,0.0
0.51225,-1.613375,9.574875,0.0
0.5115000000000001,-1.61375,9.57375,0.0
0.51075,-1.614125,9.572625,0.0
0.51,-1.6145,9.5715,0.0
0.50925,-1.614875,9.570375,0.0
0.5085,-1.61525,9.56925,0.0
0.50775,-1.615625,9.568125,0.0
0.507,-1.616,9.567,0.0
0.505125,-1.61575,9.56334375,0.0
0.50325,-1.6155000000000002,9.5596875,0.0
0.501375,-1.61525,9.55603125,0.0
0.4995,-1.6150000000000002,9.552375,0.0
0.497625,-1.6147500000000001,9.54871875,0.0
0.49575,-1.6145,9.5450625,0.0
0.493875,-1.6142500000000002,9.54140625,0.0
0.492,-1.614,9.537749999999999,0.0
0.49012500000000003,-1.61375,9.53409375,0.0
0.48825,-1.6135000000000002,9.5304375,0.0
0.486375,-1.61325,9.526781249999999,0.0
0.4845,-1.613,9.523125,0.0
0.482625,-1.6127500000000001,9.51946875,0.0
0.48075,-1.6125,9.5158125,0.0
0.478875,-1.6122500000000002,9.51215625,0.0
0.477,-1.612,9.5085,0.0
0.475125,-1.61175,9.50484375,0.0
0.47325,-1.6115000000000002,9.5011875,0.0
0.471375,-1.61125,9.49753125,0.0
0.46950000000000003,-1.6110000000000002,9.493875,0.0
0.467625,-1.6107500000000001,9.49021875,0.0
0.46575,-1.6105,9.4865625,0.0
0.46387500000000004,-1.6102500000000002,9.48290625,0.0
0.462,-1.61,9.47925,0.0
0.460125,-1.60975,9.47559375,0.0
0.45825,-1.6095000000000002,9.4719375,0.0
0.45637500000000003,-1.60925,9.468281249999999,0.0
0.4545,-1.609,9.464625,0.0
0.452625,-1.6087500000000001,9.46096875,0.0
0.45075,-1.6085,9.457312499999999,0.0
0.448875,-1.6082500000000002,9.45365625,0.0
0.447,-1.608,9.45,0.0
0.4446875,-1.608,9.447312499999999,0.0
0.442375,-1.608,9.444624999999998,0.0
0.4400625,-1.608,9.4419375,0.0
0.43775000000000003,-1.608,9.43925,0.0
0.43543750000000003,-1.608,9.436562499999999,0.0
0.433125,-1.608,9.433875,0.0
0.4308125,-1.608,9.4311875,0.0
0.4285,-1.608,9.4285,0.0
0.4261875,-1.608,9.4258125,0.0
0.423875,-1.608,9.423124999999999,0.0
0.4215625,-1.608,9.4204375,0.0
0.41925,-1.608,9.41775,0.0
0.4169375,-1.608,9.4150625,0.0
0.414625,-1.608,9.412375,0.0
0.4123125,-1.608,9.4096875,0.0
0.41000000000000003,-1.608,9.407,0.0
0.4076875,-1.608,9.4043125,0.0
0.405375,-1.608,9.401625,0.0
0.4030625,-1.608,9.3989375,0.0
0.40075,-1.608,9.39625,0.0
0.3984375,-1.608,9.3935625,0.0
0.396125,-1.608,9.390875000000001,0.0
0.3938125,-1.608,9.3881875,0.0
0.3915,-1.608,9.3855,0.0
0.3891875,-1.608,9.3828125,0.0
0.38687499999999997,-1.608,9.380125,0.0
0.38456250000000003,-1.608,9.377437500000001,0.0
0.38225,-1.608,9.37475,0.0
0.3799375,-1.608,9.3720625,0.0
0.377625,-1.608,9.369375000000002,0.0
0.3753125,-1.608,9.366687500000001,0.0
0.373,-1.608,9.364,0.0
0.3718125,-1.6079375,9.362625000000001,0.0
0.370625,-1.6078750000000002,9.36125,0.0
0.3694375,-1.6078125,9.359875,0.0
0.36825,-1.60775,9.358500000000001,0.0
0.3670625,-1.6076875000000002,9.357125,0.0
0.365875,-1.607625,9.35575,0.0
0.3646875,-1.6075625,9.354375000000001,0.0
0.3635,-1.6075000000000002,9.353000000000002,0.0
0.3623125,-1.6074375,9.351625,0.0
0.36112500000000003,-1.607375,9.35025,0.0
0.3599375,-1.6073125000000001,9.348875000000001,0.0
0.35875,-1.60725,9.3475,0.0
0.3575625,-1.6071875,9.346125,0.0
0.356375,-1.6071250000000001,9.344750000000001,0.0
0.3551875,-1.6070625,9.343375,0.0
0.354,-1.6070000000000002,9.342,0.0
0.35281250000000003,-1.6069375000000001,9.340625000000001,0.0
0.351625,-1.606875,9.33925,0.0
0.3504375,-1.6068125000000002,9.337875,0.0
0.34925,-1.6067500000000001,9.336500000000001,0.0
0.3480625,-1.6066875,9.335125,0.0
0.346875,-1.6066250000000002,9.33375,0.0
0.34568750000000004,-1.6065625000000001,9.332375,0.0
0.34450000000000003,-1.6065,9.331,0.0
0.3433125,-1.6064375000000002,9.329625,0.0
0.342125,-1.606375,9.32825,0.0
0.3409375,-1.6063125,9.326875000000001,0.0
0.33975,-1.6062500000000002,9.3255,0.0
0.3385625,-1.6061875,9.324125,0.0
0.33737500000000004,-1.606125,9.322750000000001,0.0
0.33618750000000003,-1.6060625000000002,9.321375,0.0
0.335,-1.606,9.32,0.0
0.33303125,-1.605625,9.3176875,0.0
0.33106250000000004,-1.60525,9.315375,0.0
0.32909375,-1.604875,9.313062500000001,0.0
0.327125,-1.6045,9.31075,0.0
0.32515625000000004,-1.604125,9.3084375,0.0
0.3231875,-1.60375,9.306125,0.0
0.32121875,-1.603375,9.303812500000001,0.0
0.31925000000000003,-1.6030000000000002,9.3015,0.0
0.31728125,-1.6026250000000002,9.2991875,0.0
0.3153125,-1.6022500000000002,9.296875,0.0
0.31334375000000003,-1.6018750000000002,9.2945625,0.0
0.311375,-1.6015000000000001,9.292250000000001,0.0
0.30940625,-1.6011250000000001,9.2899375,0.0
0.30743750000000003,-1.6007500000000001,9.287625,0.0
0.30546875,-1.600375,9.2853125,0.0
0.3035,-1.6,9.283000000000001,0.0
0.30153125000000003,-1.599625,9.2806875,0.0
0.2995625,-1.59925,9.278375,0.0
0.29759375,-1.598875,9.2760625,0.0
0.295625,-1.5985,9.27375,0.0
0.29365625,-1.598125,9.271437500000001,0.0
0.2916875,-1.59775,9.269125,0.0
0.28971875,-1.597375,9.2668125,0.0
0.28775,-1.597,9.2645,0.0
0.28578125000000004,-1.5966250000000002,9.2621875,0.0
0.2838125,-1.5962500000000002,9.259875000000001,0.0
0.28184375,-1.5958750000000002,9.2575625,0.0
0.27987500000000004,-1.5955000000000001,9.25525,0.0
0.27790625,-1.5951250000000001,9.2529375,0.0
0.2759375,-1.5947500000000001,9.250625000000001,0.0
0.27396875000000004,-1.594375,9.2483125,0.0
0.272,-1.594,9.246,0.0
0.26946875000000003,-1.59346875,9.24225,0.0
0.2669375,-1.5929375000000001,9.2385,0.0
0.26440625,-1.59240625,9.23475,0.0
0.261875,-1.5918750000000002,9.231,0.0
0.25934375000000004,-1.59134375,9.22725,0.0
0.2568125,-1.5908125,9.2235,0.0
0.25428125,-1.59028125,9.21975,0.0
0.25175000000000003,-1.58975,9.216000000000001,0.0
0.24921875000000002,-1.5892187500000001,9.212250000000001,0.0
0.2466875,-1.5886875,9.2085,0.0
0.24415625000000002,-1.58815625,9.20475,0.0
0.241625,-1.587625,9.201,0.0
0.23909375000000002,-1.58709375,9.19725,0.0
0.2365625,-1.5865625,9.1935,0.0
0.23403125000000002,-1.58603125,9.18975,0.0
0.2315,-1.5855000000000001,9.186,0.0
0.22896875,-1.58496875,9.18225,0.0
0.2264375,-1.5844375,9.1785,0.0
0.22390625,-1.58390625,9.17475,0.0
0.22137500000000002,-1.583375,9.171,0.0
0.21884375,-1.58284375,9.16725,0.0
0.21631250000000002,-1.5823125,9.163499999999999,0.0
0.21378125,-1.58178125,9.159749999999999,0.0
0.21125,-1.58125,9.155999999999999,0.0
0.20871875,-1.58071875,9.15225,0.0
0.20618750000000002,-1.5801875,9.1485,0.0
0.20365625,-1.57965625,9.14475,0.0
0.201125,-1.579125,9.141,0.0
0.19859375,-1.57859375,9.13725,0.0
0.1960625,-1.5780625,9.1335,0.0
0.19353125,-1.57753125,9.12975,0.0
0.191,-1.577,9.126,0.0
0.18971875,-1.57746875,9.122656249999999,0.0
0.1884375,-1.5779375,9.1193125,0.0
0.18715625,-1.57840625,9.11596875,0.0
0.185875,-1.578875,9.112625,0.0
0.18459375,-1.57934375,9.109281249999999,0.0
0.1833125,-1.5798125,9.1059375,0.0
0.18203125,-1.58028125,9.10259375,0.0
0.18075,-1.58075,9.09925,0.0
0.17946875,-1.58121875,9.095906249999999,0.0
0.1781875,-1.5816875,9.0925625,0.0
0.17690625,-1.58215625,9.08921875,0.0
0.175625,-1.582625,9.085875,0.0
0.17434375,-1.58309375,9.082531249999999,0.0
0.1730625,-1.5835625,9.0791875,0.0
0.17178125,-1.58403125,9.07584375,0.0
0.17049999999999998,-1.5845,9.0725,0.0
0.16921875,-1.58496875,9.069156249999999,0.0
0.1679375,-1.5854375,9.0658125,0.0
0.16665625,-1.58590625,9.06246875,0.0
0.165375,-1.586375,9.059125,0.0
0.16409374999999998,-1.58684375,9.055781249999999,0.0
0.1628125,-1.5873125000000001,9.0524375,0.0
0.16153125,-1.5877812500000001,9.04909375,0.0
0.16025,-1.58825,9.04575,0.0
0.15896875,-1.58871875,9.042406249999999,0.0
0.15768749999999998,-1.5891875,9.0390625,0.0
0.15640625,-1.58965625,9.035718750000001,0.0
0.155125,-1.590125,9.032375,0.0
0.15384375,-1.59059375,9.02903125,0.0
0.1525625,-1.5910625,9.0256875,0.0
0.15128124999999998,-1.59153125,9.022343750000001,0.0
0.15,-1.592,9.019,0.0
0.14746874999999998,-1.592125,9.01346875,0.0
0.1449375,-1.5922500000000002,9.0079375,0.0
0.14240624999999998,-1.592375,9.00240625,0.0
0.139875,-1.5925,8.996875,0.0
0.13734375,-1.5926250000000002,8.99134375,0.0
0.1348125,-1.59275,8.9858125,0.0
0.13228125,-1.592875,8.98028125,0.0
0.12975,-1.593,8.97475,0.0
0.12721875,-1.5931250000000001,8.96921875,0.0
0.1246875,-1.59325,8.9636875,0.0
0.12215625,-1.593375,8.95815625,0.0
0.119625,-1.5935000000000001,8.952625000000001,0.0
0.11709375,-1.593625,8.94709375,0.0
0.1145625,-1.59375,8.9415625,0.0
0.11203125,-1.5938750000000002,8.936031250000001,0.0
0.1095,-1.594,8.9305,0.0
0.10696875,-1.594125,8.92496875,0.0
0.1044375,-1.5942500000000002,8.9194375,0.0
0.10190625,-1.594375,8.91390625,0.0
0.099375,-1.5945,8.908375,0.0
0.09684375,-1.5946250000000002,8.90284375,0.0
0.0943125,-1.5947500000000001,8.8973125,0.0
0.09178125000000001,-1.594875,8.891781250000001,0.0
0.08925,-1.5950000000000002,8.88625,0.0
0.08671875,-1.5951250000000001,8.88071875,0.0
0.0841875,-1.59525,8.875187500000001,0.0
0.08165625,-1.595375,8.86965625,0.0
0.079125,-1.5955000000000001,8.864125000000001,0.0
0.07659375,-1.595625,8.85859375,0.0
0.0740625,-1.59575,8.8530625,0.0
0.07153125,-1.5958750000000002,8.847531250000001,0.0
0.069,-1.596,8.842,0.0
0.069,-1.596,8.842,0.0
0.069,-1.596,8.842,0.0
0.069,-1.596,8.842,0.0
0.069,-1.596,8.842,0.0
0.069,-1.596,8.842,0.0
0.069,-1.596,8.842,0.0
0.069,-1.596,8.842,0.0
0.069,-1.596,8.842,0.0
0.069,-1.596,8.842,0.0
0.069,-1.596,8.842,0.0
0.069,-1.596,8.842,0.0
0.069,-1.596,8.842,0.0
0.069,-1.596,8.842,0.0
0.069,-1.596,8.842,0.0
0.069,-1.596,8.842,0.0
0.069,-1.596,8.842,0.0
0.069,-1.596,8.842,0.0
0.069,-1.596,8.842,0.0
0.069,-1.596,8.842,0.0
0.069,-1.596,8.842,0.0
0.069,-1.596,8.842,0.0
0.069,-1.596,8.842,0.0
0.069,-1.596,8.842,0.0
0.069,-1.596,8.842,0.0
0.069,-1.596,8.842,0.0
0.069,-1.596,8.842,0.0
0.069,-1.596,8.842,0.0
0.069,-1.596,8.842,0.0
0.069,-1.596,8.842,0.0
0.069,-1.596,8.842,0.0
0.069,-1.596,8.842,0.0
0.069,-1.596,8.842,0.0
0.06878125,-1.59571875,8.83846875,0.0
0.0685625,-1.5954375,8.8349375,0.0
0.06834375000000001,-1.59515625,8.83140625,0.0
0.068125,-1.594875,8.827875,0.0
0.06790625,-1.59459375,8.82434375,0.0
0.06768750000000001,-1.5943125,8.8208125,0.0
0.06746875000000001,-1.59403125,8.81728125,0.0
0.06725,-1.59375,8.81375,0.0
0.06703125,-1.59346875,8.81021875,0.0
0.0668125,-1.5931875,8.8066875,0.0
0.06659375000000001,-1.59290625,8.80315625,0.0
0.066375,-1.592625,8.799625,0.0
0.06615625,-1.59234375,8.79609375,0.0
0.06593750000000001,-1.5920625,8.7925625,0.0
0.06571875,-1.59178125,8.78903125,0.0
0.0655,-1.5915,8.785499999999999,0.0
0.06528125,-1.5912187500000001,8.781968749999999,0.0
0.0650625,-1.5909375000000001,8.778437499999999,0.0
0.06484375,-1.59065625,8.774906249999999,0.0
0.064625,-1.590375,8.771374999999999,0.0
0.06440625,-1.59009375,8.767843749999999,0.0
0.06418750000000001,-1.5898125,8.764312499999999,0.0
0.06396875,-1.58953125,8.760781249999999,0.0
0.06375,-1.58925,8.757249999999999,0.0
0.06353125,-1.58896875,8.753718749999999,0.0
0.0633125,-1.5886875,8.7501875,0.0
0.06309375,-1.58840625,8.74665625,0.0
0.062875,-1.588125,8.743125,0.0
0.06265625,-1.58784375,8.73959375,0.0
0.0624375,-1.5875625,8.7360625,0.0
0.06221875,-1.58728125,8.73253125,0.0
0.062,-1.587,8.729,0.0
0.0616875,-1.5866875,8.727812499999999,0.0
0.061375,-1.5863749999999999,8.726624999999999,0.0
0.0610625,-1.5860625,8.7254375,0.0
0.06075,-1.58575,8.72425,0.0
0.0604375,-1.5854375,8.7230625,0.0
0.060125,-1.585125,8.721874999999999,0.0
0.0598125,-1.5848125,8.7206875,0.0
0.0595,-1.5845,8.7195,0.0
0.0591875,-1.5841874999999999,8.7183125,0.0
0.058875,-1.583875,8.717125,0.0
0.058562499999999997,-1.5835625,8.715937499999999,0.0
0.058249999999999996,-1.58325,8.71475,0.0
0.057937499999999996,-1.5829374999999999,8.7135625,0.0
0.057624999999999996,-1.582625,8.712375,0.0
0.0573125,-1.5823125,8.7111875,0.0
0.056999999999999995,-1.5819999999999999,8.71,0.0
0.0566875,-1.5816875,8.7088125,0.0
0.056374999999999995,-1.581375,8.707625,0.0
0.0560625,-1.5810625,8.7064375,0.0
0.05575,-1.5807499999999999,8.70525,0.0
0.0554375,-1.5804375,8.704062500000001,0.0
0.055125,-1.580125,8.702875,0.0
0.0548125,-1.5798125,8.7016875,0.0
0.0545,-1.5795,8.7005,0.0
0.0541875,-1.5791875,8.6993125,0.0
0.053875,-1.578875,8.698125000000001,0.0
0.0535625,-1.5785624999999999,8.6969375,0.0
0.05325,-1.57825,8.69575,0.0
0.0529375,-1.5779375,8.6945625,0.0
0.052625,-1.577625,8.693375000000001,0.0
0.0523125,-1.5773125,8.692187500000001,0.0
0.052,-1.577,8.691,0.0
0.05109375,-1.5765624999999999,8.68725,0.0
0.050187499999999996,-1.576125,8.6835,0.0
0.04928125,-1.5756875,8.67975,0.0
0.048375,-1.57525,8.676,0.0
0.04746875,-1.5748125,8.67225,0.0
0.0465625,-1.5743749999999999,8.6685,0.0
0.045656249999999995,-1.5739375,8.66475,0.0
0.04475,-1.5735,8.661000000000001,0.0
0.04384375,-1.5730625,8.657250000000001,0.0
0.042937499999999997,-1.572625,8.653500000000001,0.0
0.04203125,-1.5721874999999998,8.649750000000001,0.0
0.041124999999999995,-1.57175,8.646,0.0
0.04021875,-1.5713125,8.64225,0.0
0.0393125,-1.570875,8.6385,0.0
0.03840625,-1.5704375,8.63475,0.0
0.0375,-1.5699999999999998,8.631,0.0
0.036593749999999994,-1.5695625,8.62725,0.0
0.0356875,-1.5691249999999999,8.6235,0.0
0.03478125,-1.5686875,8.61975,0.0
0.033875,-1.56825,8.616,0.0
0.03296875,-1.5678125,8.61225,0.0
0.0320625,-1.567375,8.6085,0.0
0.03115625,-1.5669374999999999,8.60475,0.0
0.03025,-1.5665,8.600999999999999,0.0
0.02934375,-1.5660625,8.59725,0.0
0.028437499999999998,-1.565625,8.5935,0.0
0.02753125,-1.5651875,8.58975,0.0
0.026625,-1.5647499999999999,8.586,0.0
0.02571875,-1.5643125,8.58225,0.0
0.0248125,-1.563875,8.5785,0.0
0.02390625,-1.5634375,8.57475,0.0
0.023,-1.563,8.571,0.0
0.02309375,-1.5628437499999999,8.56771875,0.0
0.0231875,-1.5626875,8.5644375,0.0
0.02328125,-1.56253125,8.56115625,0.0
0.023375,-1.5623749999999998,8.557875,0.0
0.02346875,-1.56221875,8.55459375,0.0
0.0235625,-1.5620625,8.5513125,0.0
0.02365625,-1.56190625,8.54803125,0.0
0.02375,-1.56175,8.54475,0.0
0.02384375,-1.56159375,8.54146875,0.0
0.0239375,-1.5614375,8.5381875,0.0
0.02403125,-1.56128125,8.534906249999999,0.0
0.024125,-1.561125,8.531625,0.0
0.02421875,-1.56096875,8.52834375,0.0
0.0243125,-1.5608125,8.525062499999999,0.0
0.024406249999999997,-1.56065625,8.52178125,0.0
0.0245,-1.5605,8.5185,0.0
0.024593749999999998,-1.56034375,8.515218749999999,0.0
0.024687499999999998,-1.5601875,8.5119375,0.0
0.024781249999999998,-1.56003125,8.50865625,0.0
0.024874999999999998,-1.559875,8.505374999999999,0.0
0.024968749999999998,-1.55971875,8.50209375,0.0
0.025062499999999998,-1.5595625,8.4988125,0.0
0.025156249999999998,-1.55940625,8.495531249999999,0.0
0.025249999999999998,-1.55925,8.492249999999999,0.0
0.025343749999999998,-1.55909375,8.48896875,0.0
0.0254375,-1.5589375,8.4856875,0.0
0.02553125,-1.55878125,8.482406249999999,0.0
0.025625,-1.5586250000000001,8.479125,0.0
0.02571875,-1.55846875,8.47584375,0.0
0.0258125,-1.5583125,8.472562499999999,0.0
0.02590625,-1.5581562500000001,8.46928125,0.0
0.026,-1.558,8.466,0.0
0.02578125,-1.55821875,8.46403125,0.0
0.0255625,-1.5584375000000001,8.4620625,0.0
0.025343749999999998,-1.55865625,8.460093749999999,0.0
0.025124999999999998,-1.558875,8.458124999999999,0.0
0.024906249999999998,-1.55909375,8.45615625,0.0
0.024687499999999998,-1.5593125,8.4541875,0.0
0.024468749999999997,-1.55953125,8.45221875,0.0
0.02425,-1.55975,8.45025,0.0
0.024031249999999997,-1.5599687500000001,8.448281249999999,0.0
0.0238125,-1.5601875,8.4463125,0.0
0.02359375,-1.56040625,8.44434375,0.0
0.023375,-1.560625,8.442375,0.0
0.02315625,-1.56084375,8.44040625,0.0
0.0229375,-1.5610625,8.4384375,0.0
0.02271875,-1.56128125,8.43646875,0.0
0.0225,-1.5615,8.4345,0.0
0.02228125,-1.56171875,8.43253125,0.0
0.0220625,-1.5619375,8.4305625,0.0
0.02184375,-1.56215625,8.42859375,0.0
0.021625,-1.562375,8.426625,0.0
0.021406249999999998,-1.56259375,8.42465625,0.0
0.021187499999999998,-1.5628125,8.4226875,0.0
0.02096875,-1.5630312499999999,8.42071875,0.0
0.020749999999999998,-1.56325,8.41875,0.0
0.02053125,-1.56346875,8.41678125,0.0
0.020312499999999997,-1.5636875,8.4148125,0.0
0.02009375,-1.56390625,8.41284375,0.0
0.019875,-1.564125,8.410875,0.0
0.01965625,-1.56434375,8.408906250000001,0.0
0.0194375,-1.5645624999999999,8.4069375,0.0
0.01921875,-1.56478125,8.40496875,0.0
0.019,-1.565,8.403,0.0
0.019375,-1.563875,8.399125,0.0
0.01975,-1.5627499999999999,8.39525,0.0
0.020125,-1.561625,8.391375,0.0
0.0205,-1.5605,8.387500000000001,0.0
0.020874999999999998,-1.559375,8.383625,0.0
0.021249999999999998,-1.55825,8.37975,0.0
0.021625,-1.5571249999999999,8.375875,0.0
0.022,-1.556,8.372,0.0
0.022375,-1.554875,8.368125000000001,0.0
0.02275,-1.55375,8.36425,0.0
0.023125,-1.552625,8.360375,0.0
0.0235,-1.5514999999999999,8.3565,0.0
0.023875,-1.5503749999999998,8.352625,0.0
0.02425,-1.54925,8.34875,0.0
0.024625,-1.548125,8.344875,0.0
0.025,-1.547,8.341000000000001,0.0
0.025375,-1.5458749999999999,8.337125,0.0
0.02575,-1.5447499999999998,8.33325,0.0
0.026125,-1.543625,8.329375,0.0
0.0265,-1.5425,8.3255,0.0
0.026875,-1.541375,8.321625000000001,0.0
0.02725,-1.54025,8.31775,0.0
0.027625,-1.5391249999999999,8.313875,0.0
0.028,-1.5379999999999998,8.31,0.0
0.028374999999999997,-1.536875,8.306125,0.0
0.028749999999999998,-1.53575,8.30225,0.0
0.029124999999999998,-1.534625,8.298375,0.0
0.0295,-1.5334999999999999,8.2945,0.0
0.029875,-1.5323749999999998,8.290625,0.0
0.03025,-1.53125,8.28675,0.0
0.030625,-1.530125,8.282875,0.0
0.031,-1.529,8.279,0.0
0.031125,-1.52915625,8.27525,0.0
0.03125,-1.5293124999999999,8.2715,0.0
0.031375,-1.52946875,8.26775,0.0
0.0315,-1.529625,8.264,0.0
0.031625,-1.5297812499999999,8.26025,0.0
0.03175,-1.5299375,8.2565,0.0
0.031875,-1.53009375,8.25275,0.0
0.032,-1.5302499999999999,8.249,0.0
0.032125,-1.53040625,8.24525,0.0
0.03225,-1.5305625,8.2415,0.0
0.032375,-1.53071875,8.23775,0.0
0.0325,-1.530875,8.234,0.0
0.032625,-1.53103125,8.23025,0.0
0.03275,-1.5311875,8.2265,0.0
0.032875,-1.53134375,8.22275,0.0
0.033,-1.5314999999999999,8.219000000000001,0.0
0.033125,-1.53165625,8.215250000000001,0.0
0.03325,-1.5318125,8.211500000000001,0.0
0.033375,-1.5319687499999999,8.20775,0.0
0.0335,-1.532125,8.204,0.0
0.033625,-1.53228125,8.20025,0.0
0.03375,-1.5324375,8.1965,0.0
0.033875,-1.53259375,8.19275,0.0
0.034,-1.53275,8.189,0.0
0.034125,-1.53290625,8.18525,0.0
0.03425,-1.5330625,8.1815,0.0
0.034375,-1.53321875,8.177750000000001,0.0
0.0345,-1.533375,8.174000000000001,0.0
0.034625,-1.53353125,8.170250000000001,0.0
0.03475,-1.5336875,8.166500000000001,0.0
0.034875,-1.53384375,8.16275,0.0
0.035,-1.534,8.159,0.0
0.035375000000000004,-1.53421875,8.15765625,0.0
0.035750000000000004,-1.5344375000000001,8.1563125,0.0
0.036125000000000004,-1.53465625,8.15496875,0.0
0.036500000000000005,-1.534875,8.153625,0.0
0.036875000000000005,-1.53509375,8.15228125,0.0
0.037250000000000005,-1.5353125,8.150937500000001,0.0
0.037625000000000006,-1.53553125,8.149593750000001,0.0
0.038000000000000006,-1.53575,8.14825,0.0
0.038375,-1.53596875,8.14690625,0.0
0.03875,-1.5361875,8.1455625,0.0
0.039125,-1.53640625,8.14421875,0.0
0.0395,-1.536625,8.142875,0.0
0.039875,-1.53684375,8.14153125,0.0
0.04025,-1.5370625,8.1401875,0.0
0.040625,-1.53728125,8.13884375,0.0
0.041,-1.5375,8.1375,0.0
0.041375,-1.53771875,8.13615625,0.0
0.04175,-1.5379375,8.1348125,0.0
0.042125,-1.53815625,8.13346875,0.0
0.0425,-1.538375,8.132125,0.0
0.042875,-1.53859375,8.13078125,0.0
0.04325,-1.5388125,8.1294375,0.0
0.043625,-1.5390312499999999,8.12809375,0.0
0.044,-1.53925,8.12675,0.0
0.044375,-1.53946875,8.12540625,0.0
0.04475,-1.5396874999999999,8.124062499999999,0.0
0.045125,-1.53990625,8.12271875,0.0
0.0455,-1.540125,8.121375,0.0
0.045875,-1.54034375,8.12003125,0.0
0.04625,-1.5405624999999998,8.1186875,0.0
0.046625,-1.54078125,8.11734375,0.0
0.047,-1.541,8.116,0.0
0.04746875,-1.541,8.113,0.0
0.0479375,-1.541,8.11,0.0
0.04840625,-1.541,8.107,0.0
0.048875,-1.541,8.104,0.0
0.04934375,-1.541,8.100999999999999,0.0
0.0498125,-1.541,8.097999999999999,0.0
0.05028125,-1.541,8.094999999999999,0.0
0.05075,-1.541,8.091999999999999,0.0
0.05121875,-1.541,8.089,0.0
0.0516875,-1.541,8.086,0.0
0.05215625,-1.541,8.083,0.0
0.052625,-1.541,8.08,0.0
0.05309375,-1.541,8.077,0.0
0.0535625,-1.541,8.074,0.0
0.05403125,-1.541,8.071,0.0
0.0545,-1.541,8.068,0.0
0.05496875,-1.541,8.065,0.0
0.0554375,-1.541,8.062,0.0
0.05590625,-1.541,8.059,0.0
0.056375,-1.541,8.056,0.0
0.05684375,-1.541,8.052999999999999,0.0
0.0573125,-1.541,8.049999999999999,0.0
0.05778125,-1.541,8.046999999999999,0.0
0.058249999999999996,-1.541,8.044,0.0
0.05871875,-1.541,8.041,0.0
0.059187500000000004,-1.541,8.038,0.0
0.05965625,-1.541,8.035,0.0
0.060125,-1.541,8.032,0.0
0.06059375,-1.541,8.029,0.0
0.0610625,-1.541,8.026,0.0
0.061531249999999996,-1.541,8.023,0.0
0.062,-1.541,8.02,0.0
0.062156249999999996,-1.54184375,8.01775,0.0
0.0623125,-1.5426875,8.0155,0.0
0.06246875,-1.54353125,8.01325,0.0
0.062625,-1.544375,8.011,0.0
0.06278125,-1.5452187499999999,8.00875,0.0
0.06293750000000001,-1.5460625,8.006499999999999,0.0
0.06309375,-1.54690625,8.004249999999999,0.0
0.06325,-1.54775,8.001999999999999,0.0
0.06340625,-1.54859375,7.99975,0.0
0.0635625,-1.5494375,7.9975,0.0
0.06371875,-1.55028125,7.9952499999999995,0.0
0.063875,-1.5511249999999999,7.993,0.0
0.06403125,-1.55196875,7.99075,0.0
0.06418750000000001,-1.5528125,7.9885,0.0
0.06434375,-1.55365625,7.98625,0.0
0.0645,-1.5545,7.984,0.0
0.06465625,-1.55534375,7.98175,0.0
0.0648125,-1.5561875,7.9795,0.0
0.06496875,-1.55703125,7.97725,0.0
0.065125,-1.5578750000000001,7.975,0.0
0.06528125,-1.55871875,7.9727500000000004,0.0
0.06543750000000001,-1.5595625,7.9705,0.0
0.06559375,-1.56040625,7.96825,0.0
0.06575,-1.56125,7.966,0.0
0.06590625,-1.56209375,7.96375,0.0
0.0660625,-1.5629375,7.9615,0.0
0.06621875,-1.5637812500000001,7.95925,0.0
0.066375,-1.564625,7.957000000000001,0.0
0.06653125,-1.56546875,7.954750000000001,0.0
0.06668750000000001,-1.5663125,7.952500000000001,0.0
0.06684375000000001,-1.56715625,7.9502500000000005,0.0
0.067,-1.568,7.948,0.0
0.067,-1.56784375,7.9469062500000005,0.0
0.067,-1.5676875000000001,7.945812500000001,0.0
0.067,-1.56753125,7.944718750000001,0.0
0.067,-1.567375,7.943625000000001,0.0
0.067,-1.56721875,7.94253125,0.0
0.067,-1.5670625,7.9414375,0.0
0.067,-1.56690625,7.94034375,0.0
0.067,-1.56675,7.93925,0.0
0.067,-1.56659375,7.9381562500000005,0.0
0.067,-1.5664375,7.937062500000001,0.0
0.067,-1.56628125,7.935968750000001,0.0
0.067,-1.566125,7.934875,0.0
0.067,-1.56596875,7.93378125,0.0
0.067,-1.5658125,7.9326875,0.0
0.067,-1.56565625,7.93159375,0.0
0.067,-1.5655000000000001,7.9305,0.0
0.067,-1.56534375,7.92940625,0.0
0.067,-1.5651875,7.9283125000000005,0.0
0.067,-1.56503125,7.927218750000001,0.0
0.067,-1.564875,7.926125000000001,0.0
0.067,-1.56471875,7.92503125,0.0
0.067,-1.5645625,7.9239375,0.0
0.067,-1.56440625,7.92284375,0.0
0.067,-1.56425,7.92175,0.0
0.067,-1.56409375,7.92065625,0.0
0.067,-1.5639375,7.9195625000000005,0.0
0.067,-1.56378125,7.918468750000001,0.0
0.067,-1.563625,7.917375,0.0
0.067,-1.56346875,7.91628125,0.0
0.067,-1.5633124999999999,7.9151875,0.0
0.067,-1.56315625,7.91409375,0.0
0.067,-1.563,7.913,0.0
0.06690625,-1.5628437499999999,7.911125,0.0
0.0668125,-1.5626875,7.90925,0.0
0.06671875000000001,-1.56253125,7.907375,0.0
0.066625,-1.5623749999999998,7.9055,0.0
0.06653125,-1.56221875,7.903625,0.0
0.06643750000000001,-1.5620625,7.90175,0.0
0.06634375,-1.56190625,7.899875,0.0
0.06625,-1.56175,7.898,0.0
0.06615625,-1.56159375,7.8961250000000005,0.0
0.0660625,-1.5614375,7.89425,0.0
0.06596875,-1.56128125,7.892375,0.0
0.065875,-1.561125,7.8905,0.0
0.06578125,-1.56096875,7.888625,0.0
0.06568750000000001,-1.5608125,7.88675,0.0
0.06559375,-1.56065625,7.884875,0.0
0.0655,-1.5605,7.883,0.0
0.06540625,-1.56034375,7.881125,0.0
0.0653125,-1.5601875,7.87925,0.0
0.06521875,-1.56003125,7.877375,0.0
0.065125,-1.559875,7.8755,0.0
0.06503125,-1.55971875,7.873625,0.0
0.06493750000000001,-1.5595625,7.87175,0.0
0.06484375,-1.55940625,7.8698749999999995,0.0
0.06475,-1.55925,7.868,0.0
0.06465625,-1.55909375,7.866125,0.0
0.0645625,-1.5589375,7.86425,0.0
0.06446875,-1.55878125,7.862375,0.0
0.064375,-1.5586250000000001,7.8605,0.0
0.06428125,-1.55846875,7.858625,0.0
0.06418750000000001,-1.5583125,7.85675,0.0
0.06409375,-1.5581562500000001,7.854875,0.0
0.064,-1.558,7.853,0.0
0.064,-1.5579375,7.8519375,0.0
0.064,-1.5578750000000001,7.850874999999999,0.0
0.064,-1.5578125,7.8498125,0.0
0.064,-1.55775,7.84875,0.0
0.064,-1.5576875000000001,7.8476875,0.0
0.064,-1.557625,7.8466249999999995,0.0
0.064,-1.5575625,7.8455625,0.0
0.064,-1.5575,7.8445,0.0
0.064,-1.5574375,7.843437499999999,0.0
0.064,-1.557375,7.842375,0.0
0.064,-1.5573125,7.8413125,0.0
0.064,-1.55725,7.84025,0.0
0.064,-1.5571875,7.8391874999999995,0.0
0.064,-1.557125,7.838125,0.0
0.064,-1.5570625,7.8370625,0.0
0.064,-1.557,7.836,0.0
0.064,-1.5569375,7.8349375,0.0
0.064,-1.556875,7.833875,0.0
0.064,-1.5568125000000002,7.8328125,0.0
0.064,-1.55675,7.8317499999999995,0.0
0.064,-1.5566875,7.8306875,0.0
0.064,-1.5566250000000001,7.829625,0.0
0.064,-1.5565625,7.8285625,0.0
0.064,-1.5565,7.8275,0.0
0.064,-1.5564375000000001,7.8264375,0.0
0.064,-1.556375,7.825375,0.0
0.064,-1.5563125,7.8243125,0.0
0.064,-1.5562500000000001,7.82325,0.0
0.064,-1.5561875,7.8221875,0.0
0.064,-1.556125,7.821125,0.0
0.064,-1.5560625000000001,7.8200625,0.0
0.064,-1.556,7.819,0.0
0.06384375,-1.5561562500000001,7.81921875,0.0
0.06368750000000001,-1.5563125,7.8194375,0.0
0.06353125,-1.55646875,7.8196562499999995,0.0
0.063375,-1.556625,7.819875,0.0
0.06321875,-1.55678125,7.82009375,0.0
0.0630625,-1.5569375,7.8203125,0.0
0.06290625,-1.55709375,7.82053125,0.0
0.06275,-1.55725,7.82075,0.0
0.06259375,-1.55740625,7.82096875,0.0
0.0624375,-1.5575625,7.8211875,0.0
0.062281249999999996,-1.55771875,7.82140625,0.0
0.062125,-1.5578750000000001,7.821625,0.0
0.06196875,-1.55803125,7.82184375,0.0
0.0618125,-1.5581875,7.8220624999999995,0.0
0.061656249999999996,-1.55834375,7.82228125,0.0
0.0615,-1.5585,7.8225,0.0
0.06134375,-1.55865625,7.82271875,0.0
0.0611875,-1.5588125,7.8229375,0.0
0.061031249999999995,-1.55896875,7.823156249999999,0.0
0.060875,-1.5591249999999999,7.8233749999999995,0.0
0.06071875,-1.55928125,7.82359375,0.0
0.0605625,-1.5594375,7.8238125,0.0
0.060406249999999995,-1.55959375,7.82403125,0.0
0.06025,-1.55975,7.824249999999999,0.0
0.06009375,-1.55990625,7.824468749999999,0.0
0.0599375,-1.5600625,7.8246875,0.0
0.059781249999999994,-1.56021875,7.82490625,0.0
0.059625,-1.560375,7.825125,0.0
0.05946875,-1.56053125,7.82534375,0.0
0.0593125,-1.5606875,7.825562499999999,0.0
0.059156249999999994,-1.5608437499999999,7.8257812499999995,0.0
0.059,-1.561,7.826,0.0
0.059156249999999994,-1.5612187499999999,7.825875,0.0
0.0593125,-1.5614375,7.825749999999999,0.0
0.05946875,-1.56165625,7.825625,0.0
0.059625,-1.561875,7.8255,0.0
0.059781249999999994,-1.56209375,7.825374999999999,0.0
0.0599375,-1.5623125,7.82525,0.0
0.06009375,-1.56253125,7.825125,0.0
0.06025,-1.5627499999999999,7.824999999999999,0.0
0.060406249999999995,-1.56296875,7.824875,0.0
0.0605625,-1.5631875,7.82475,0.0
0.06071875,-1.5634062499999999,7.824625,0.0
0.060875,-1.563625,7.8245,0.0
0.061031249999999995,-1.56384375,7.824375,0.0
0.0611875,-1.5640625,7.82425,0.0
0.06134375,-1.56428125,7.8241249999999996,0.0
0.0615,-1.5645,7.824,0.0
0.061656249999999996,-1.56471875,7.823875,0.0
0.0618125,-1.5649375,7.8237499999999995,0.0
0.06196875,-1.56515625,7.823625,0.0
0.062125,-1.565375,7.8235,0.0
0.062281249999999996,-1.5655937500000001,7.8233749999999995,0.0
0.0624375,-1.5658125,7.82325,0.0
0.06259375,-1.56603125,7.823125,0.0
0.06275,-1.5662500000000001,7.823,0.0
0.06290625,-1.56646875,7.822875,0.0
0.0630625,-1.5666875,7.82275,0.0
0.06321875,-1.56690625,7.822625,0.0
0.063375,-1.567125,7.8225,0.0
0.06353125,-1.56734375,7.822375,0.0
0.06368750000000001,-1.5675625,7.82225,0.0
0.06384375,-1.5677812500000001,7.822125,0.0
0.064,-1.568,7.822,0.0
0.06303125,-1.56790625,7.8224375,0.0
0.0620625,-1.5678125,7.822875,0.0
0.06109375,-1.56771875,7.8233125,0.0
0.060125,-1.567625,7.82375,0.0
0.05915625,-1.56753125,7.8241875,0.0
0.0581875,-1.5674375,7.824625,0.0
0.05721875,-1.56734375,7.8250625000000005,0.0
0.05625,-1.56725,7.8255,0.0
0.055281250000000004,-1.56715625,7.8259375,0.0
0.0543125,-1.5670625,7.8263750000000005,0.0
0.05334375,-1.56696875,7.8268125,0.0
0.052375000000000005,-1.566875,7.82725,0.0
0.05140625,-1.56678125,7.827687500000001,0.0
0.0504375,-1.5666875,7.828125,0.0
0.049468750000000006,-1.56659375,7.8285625,0.0
0.0485,-1.5665,7.829000000000001,0.0
0.04753125,-1.56640625,7.8294375,0.0
0.0465625,-1.5663125,7.829875,0.0
0.04559375,-1.56621875,7.8303125,0.0
0.044625,-1.566125,7.83075,0.0
0.04365625,-1.56603125,7.8311875,0.0
0.0426875,-1.5659375,7.831625,0.0
0.04171875,-1.56584375,7.8320625,0.0
0.04075,-1.56575,7.8325000000000005,0.0
0.039781250000000004,-1.56565625,7.8329375,0.0
0.0388125,-1.5655625,7.833375,0.0
0.03784375,-1.56546875,7.8338125000000005,0.0
0.036875000000000005,-1.565375,7.83425,0.0
0.03590625,-1.56528125,7.8346875,0.0
0.0349375,-1.5651875,7.835125000000001,0.0
0.033968750000000006,-1.56509375,7.8355625,0.0
0.033,-1.565,7.836,0.0
0.0329375,-1.56478125,7.8366875,0.0
0.032875,-1.5645624999999999,7.837375000000001,0.0
0.0328125,-1.56434375,7.8380625,0.0
0.03275,-1.564125,7.83875,0.0
0.0326875,-1.56390625,7.8394375,0.0
0.032625,-1.5636875,7.8401250000000005,0.0
0.0325625,-1.56346875,7.8408125,0.0
0.0325,-1.56325,7.8415,0.0
0.0324375,-1.5630312499999999,7.8421875000000005,0.0
0.032375,-1.5628125,7.842875,0.0
0.0323125,-1.56259375,7.8435625,0.0
0.03225,-1.562375,7.84425,0.0
0.0321875,-1.56215625,7.8449375,0.0
0.032125,-1.5619375,7.845625,0.0
0.0320625,-1.56171875,7.8463125,0.0
0.032,-1.5615,7.8469999999999995,0.0
0.0319375,-1.56128125,7.8476875,0.0
0.031875,-1.5610625,7.848375,0.0
0.0318125,-1.56084375,7.8490625,0.0
0.03175,-1.560625,7.84975,0.0
0.0316875,-1.56040625,7.8504375,0.0
0.031625,-1.5601875,7.851125,0.0
0.0315625,-1.5599687500000001,7.851812499999999,0.0
0.0315,-1.55975,7.8525,0.0
0.0314375,-1.55953125,7.8531875,0.0
0.031375,-1.5593125,7.8538749999999995,0.0
0.0313125,-1.55909375,7.8545625,0.0
0.03125,-1.558875,7.85525,0.0
0.0311875,-1.55865625,7.8559375,0.0
0.031125,-1.5584375000000001,7.856624999999999,0.0
0.0310625,-1.55821875,7.8573125,0.0
0.031,-1.558,7.858,0.0
0.0310625,-1.5579375,7.859624999999999,0.0
0.031125,-1.5578750000000001,7.86125,0.0
0.0311875,-1.5578125,7.862875,0.0
0.03125,-1.55775,7.8645,0.0
0.0313125,-1.5576875000000001,7.866124999999999,0.0
0.031375,-1.557625,7.86775,0.0
0.0314375,-1.5575625,7.869375,0.0
0.0315,-1.5575,7.8709999999999996,0.0
0.0315625,-1.5574375,7.872625,0.0
0.031625,-1.557375,7.87425,0.0
0.0316875,-1.5573125,7.875875,0.0
0.03175,-1.55725,7.8774999999999995,0.0
0.0318125,-1.5571875,7.879125,0.0
0.031875,-1.557125,7.88075,0.0
0.0319375,-1.5570625,7.882375,0.0
0.032,-1.557,7.884,0.0
0.0320625,-1.5569375,7.885625,0.0
0.032125,-1.556875,7.88725,0.0
0.0321875,-1.5568125000000002,7.888875,0.0
0.03225,-1.55675,7.8905,0.0
0.0323125,-1.5566875,7.892125,0.0
0.032375,-1.5566250000000001,7.89375,0.0
0.0324375,-1.5565625,7.895375,0.0
0.0325,-1.5565,7.897,0.0
0.0325625,-1.5564375000000001,7.898625,0.0
0.032625,-1.556375,7.90025,0.0
0.0326875,-1.5563125,7.901875,0.0
0.03275,-1.5562500000000001,7.9035,0.0
0.0328125,-1.5561875,7.905125,0.0
0.032875,-1.556125,7.90675,0.0
0.0329375,-1.5560625000000001,7.908375,0.0
0.033,-1.556,7.91,0.0
0.03321875,-1.55659375,7.91209375,0.0
0.0334375,-1.5571875,7.914187500000001,0.0
0.03365625,-1.5577812500000001,7.91628125,0.0
0.033875,-1.558375,7.918375,0.0
0.03409375,-1.55896875,7.92046875,0.0
0.0343125,-1.5595625,7.9225625,0.0
0.03453125,-1.5601562500000001,7.92465625,0.0
0.03475,-1.56075,7.92675,0.0
0.03496875,-1.56134375,7.92884375,0.0
0.035187500000000003,-1.5619375,7.930937500000001,0.0
0.03540625,-1.56253125,7.93303125,0.0
0.035625000000000004,-1.563125,7.935125,0.0
0.03584375,-1.56371875,7.93721875,0.0
0.036062500000000004,-1.5643125,7.9393125,0.0
0.03628125,-1.56490625,7.94140625,0.0
0.036500000000000005,-1.5655000000000001,7.9435,0.0
0.03671875,-1.56609375,7.9455937500000005,0.0
0.0369375,-1.5666875,7.947687500000001,0.0
0.03715625,-1.56728125,7.94978125,0.0
0.037375,-1.567875,7.951875,0.0
0.03759375,-1.56846875,7.9539687500000005,0.0
0.0378125,-1.5690625,7.9560625,0.0
0.03803125,-1.56965625,7.95815625,0.0
0.03825,-1.57025,7.96025,0.0
0.03846875,-1.5708437499999999,7.9623437500000005,0.0
0.0386875,-1.5714375,7.964437500000001,0.0
0.03890625,-1.57203125,7.96653125,0.0
0.039125,-1.572625,7.968625,0.0
0.039343750000000004,-1.5732187499999999,7.9707187500000005,0.0
0.0395625,-1.5738125,7.9728125,0.0
0.039781250000000004,-1.57440625,7.97490625,0.0
0.04,-1.575,7.977,0.0
0.04009375,-1.57478125,7.9783437500000005,0.0
0.0401875,-1.5745624999999999,7.979687500000001,0.0
0.04028125,-1.57434375,7.98103125,0.0
0.040375,-1.574125,7.982375,0.0
0.04046875,-1.57390625,7.98371875,0.0
0.0405625,-1.5736875,7.9850625,0.0
0.04065625,-1.57346875,7.98640625,0.0
0.04075,-1.57325,7.98775,0.0
0.04084375,-1.5730312499999999,7.98909375,0.0
0.0409375,-1.5728125,7.9904375000000005,0.0
0.04103125,-1.57259375,7.99178125,0.0
0.041125,-1.572375,7.993125,0.0
0.04121875,-1.57215625,7.99446875,0.0
0.0413125,-1.5719375,7.9958124999999995,0.0
0.04140625,-1.57171875,7.99715625,0.0
0.041499999999999995,-1.5715,7.9985,0.0
0.04159375,-1.57128125,7.99984375,0.0
0.041687499999999995,-1.5710625,8.0011875,0.0
0.04178125,-1.57084375,8.00253125,0.0
0.041874999999999996,-1.570625,8.003875,0.0
0.04196875,-1.57040625,8.00521875,0.0
0.042062499999999996,-1.5701875,8.0065625,0.0
0.04215625,-1.5699687500000001,8.00790625,0.0
0.042249999999999996,-1.56975,8.00925,0.0
0.04234375,-1.56953125,8.01059375,0.0
0.042437499999999996,-1.5693125,8.0119375,0.0
0.04253125,-1.56909375,8.01328125,0.0
0.042624999999999996,-1.568875,8.014624999999999,0.0
0.04271875,-1.56865625,8.015968749999999,0.0
0.042812499999999996,-1.5684375000000002,8.0173125,0.0
0.04290624999999999,-1.56821875,8.01865625,0.0
0.043,-1.568,8.02,0.0
0.043375,-1.56784375,8.0225625,0.0
0.04375,-1.5676875000000001,8.025125,0.0
0.044125,-1.56753125,8.027687499999999,0.0
0.0445,-1.567375,8.030249999999999,0.0
0.044875,-1.56721875,8.0328125,0.0
0.04525,-1.5670625,8.035375,0.0
0.045625,-1.56690625,8.0379375,0.0
0.046,-1.56675,8.0405,0.0
0.046375,-1.56659375,8.0430625,0.0
0.04675,-1.5664375,8.045625,0.0
0.047125,-1.56628125,8.0481875,0.0
0.0475,-1.566125,8.05075,0.0
0.047875,-1.56596875,8.0533125,0.0
0.04825,-1.5658125,8.055875,0.0
0.048625,-1.56565625,8.0584375,0.0
0.049,-1.5655000000000001,8.061,0.0
0.049375,-1.56534375,8.0635625,0.0
0.04975,-1.5651875,8.066125,0.0
0.050124999999999996,-1.56503125,8.0686875,0.0
0.050499999999999996,-1.564875,8.07125,0.0
0.050875,-1.56471875,8.0738125,0.0
0.05125,-1.5645625,8.076375,0.0
0.051625,-1.56440625,8.0789375,0.0
0.052,-1.56425,8.0815,0.0
0.052375,-1.56409375,8.0840625,0.0
0.05275,-1.5639375,8.086625,0.0
0.053125,-1.56378125,8.0891875,0.0
0.0535,-1.563625,8.091750000000001,0.0
0.053875,-1.56346875,8.094312500000001,0.0
0.05425,-1.5633124999999999,8.096875,0.0
0.054625,-1.56315625,8.0994375,0.0
0.055,-1.563,8.102,0.0
0.055,-1.562625,8.105656250000001,0.0
0.055,-1.56225,8.1093125,0.0
0.055,-1.561875,8.11296875,0.0
0.055,-1.5614999999999999,8.116625,0.0
0.055,-1.5611249999999999,8.12028125,0.0
0.055,-1.5607499999999999,8.1239375,0.0
0.055,-1.5603749999999998,8.12759375,0.0
0.055,-1.56,8.13125,0.0
0.055,-1.559625,8.13490625,0.0
0.055,-1.55925,8.1385625,0.0
0.055,-1.558875,8.14221875,0.0
0.055,-1.5585,8.145875,0.0
0.055,-1.558125,8.14953125,0.0
0.055,-1.55775,8.1531875,0.0
0.055,-1.557375,8.15684375,0.0
0.055,-1.557,8.160499999999999,0.0
0.055,-1.556625,8.16415625,0.0
0.055,-1.55625,8.1678125,0.0
0.055,-1.555875,8.171468749999999,0.0
0.055,-1.5554999999999999,8.175125,0.0
0.055,-1.5551249999999999,8.17878125,0.0
0.055,-1.5547499999999999,8.182437499999999,0.0
0.055,-1.5543749999999998,8.18609375,0.0
0.055,-1.5539999999999998,8.18975,0.0
0.055,-1.553625,8.193406249999999,0.0
0.055,-1.55325,8.1970625,0.0
0.055,-1.552875,8.20071875,0.0
0.055,-1.5525,8.204374999999999,0.0
0.055,-1.552125,8.20803125,0.0
0.055,-1.55175,8.2116875,0.0
0.055,-1.551375,8.215343749999999,0.0
0.055,-1.551,8.219,0.0
0.05521875,-1.550625,8.22303125,0.0
0.0554375,-1.55025,8.227062499999999,0.0
0.05565625,-1.549875,8.23109375,0.0
0.055875,-1.5494999999999999,8.235125,0.0
0.05609375,-1.5491249999999999,8.239156249999999,0.0
0.0563125,-1.5487499999999998,8.2431875,0.0
0.05653125,-1.5483749999999998,8.24721875,0.0
0.05675,-1.548,8.251249999999999,0.0
0.05696875,-1.547625,8.25528125,0.0
0.0571875,-1.54725,8.2593125,0.0
0.05740625,-1.546875,8.26334375,0.0
0.057625,-1.5465,8.267375,0.0
0.05784375,-1.546125,8.27140625,0.0
0.0580625,-1.54575,8.2754375,0.0
0.05828125,-1.545375,8.27946875,0.0
0.058499999999999996,-1.545,8.2835,0.0
0.05871875,-1.544625,8.28753125,0.0
0.058937500000000004,-1.54425,8.2915625,0.0
0.05915625,-1.5438749999999999,8.29559375,0.0
0.059375,-1.5434999999999999,8.299625,0.0
0.05959375,-1.5431249999999999,8.30365625,0.0
0.0598125,-1.5427499999999998,8.3076875,0.0
0.06003125,-1.5423749999999998,8.31171875,0.0
0.06025,-1.5419999999999998,8.315750000000001,0.0
0.06046875,-1.541625,8.31978125,0.0
0.0606875,-1.54125,8.3238125,0.0
0.06090625,-1.540875,8.327843750000001,0.0
0.061125,-1.5405,8.331875,0.0
0.06134375,-1.540125,8.33590625,0.0
0.0615625,-1.53975,8.339937500000001,0.0
0.061781249999999996,-1.539375,8.34396875,0.0
0.062,-1.539,8.348,0.0
0.06221875,-1.53915625,8.34965625,0.0
0.0624375,-1.5393124999999999,8.3513125,0.0
0.06265625,-1.53946875,8.35296875,0.0
0.062875,-1.539625,8.354625,0.0
0.06309375,-1.5397812499999999,8.35628125,0.0
0.0633125,-1.5399375,8.3579375,0.0
0.06353125,-1.54009375,8.35959375,0.0
0.06375,-1.54025,8.36125,0.0
0.06396875,-1.54040625,8.36290625,0.0
0.06418750000000001,-1.5405625,8.3645625,0.0
0.06440625,-1.54071875,8.36621875,0.0
0.064625,-1.540875,8.367875,0.0
0.06484375,-1.54103125,8.36953125,0.0
0.0650625,-1.5411875,8.3711875,0.0
0.06528125,-1.54134375,8.37284375,0.0
0.0655,-1.5415,8.374500000000001,0.0
0.06571875,-1.54165625,8.376156250000001,0.0
0.06593750000000001,-1.5418125,8.377812500000001,0.0
0.06615625,-1.5419687499999999,8.379468750000001,0.0
0.066375,-1.542125,8.381125,0.0
0.06659375000000001,-1.54228125,8.38278125,0.0
0.0668125,-1.5424375,8.3844375,0.0
0.06703125,-1.54259375,8.38609375,0.0
0.06725,-1.54275,8.38775,0.0
0.06746875000000001,-1.54290625,8.38940625,0.0
0.06768750000000001,-1.5430625,8.3910625,0.0
0.06790625,-1.54321875,8.39271875,0.0
0.068125,-1.543375,8.394375,0.0
0.06834375000000001,-1.54353125,8.39603125,0.0
0.0685625,-1.5436875,8.3976875,0.0
0.06878125,-1.54384375,8.39934375,0.0
0.069,-1.544,8.401,0.0
0.0690625,-1.5429375,8.4051875,0.0
0.069125,-1.541875,8.409375,0.0
0.0691875,-1.5408125000000001,8.4135625,0.0
0.06925,-1.53975,8.41775,0.0
0.0693125,-1.5386875,8.4219375,0.0
0.069375,-1.537625,8.426124999999999,0.0
0.0694375,-1.5365625,8.4303125,0.0
0.0695,-1.5355,8.4345,0.0
0.0695625,-1.5344375000000001,8.4386875,0.0
0.069625,-1.533375,8.442875,0.0
0.0696875,-1.5323125,8.4470625,0.0
0.06975,-1.53125,8.45125,0.0
0.0698125,-1.5301875,8.4554375,0.0
0.069875,-1.529125,8.459624999999999,0.0
0.0699375,-1.5280625,8.4638125,0.0
0.07,-1.5270000000000001,8.468,0.0
0.0700625,-1.5259375,8.4721875,0.0
0.07012499999999999,-1.524875,8.476375,0.0
0.0701875,-1.5238125,8.4805625,0.0
0.07024999999999999,-1.52275,8.48475,0.0
0.0703125,-1.5216875,8.4889375,0.0
0.070375,-1.5206250000000001,8.493125,0.0
0.0704375,-1.5195625,8.4973125,0.0
0.0705,-1.5185,8.5015,0.0
0.0705625,-1.5174375,8.5056875,0.0
0.070625,-1.516375,8.509875000000001,0.0
0.0706875,-1.5153125,8.5140625,0.0
0.07075,-1.51425,8.51825,0.0
0.0708125,-1.5131875,8.5224375,0.0
0.070875,-1.512125,8.526625,0.0
0.0709375,-1.5110625,8.5308125,0.0
0.071,-1.51,8.535,0.0
0.07109375,-1.51009375,8.5391875,0.0
0.07118749999999999,-1.5101875,8.543375000000001,0.0
0.07128124999999999,-1.51028125,8.5475625,0.0
0.071375,-1.510375,8.55175,0.0
0.07146875,-1.51046875,8.5559375,0.0
0.0715625,-1.5105625,8.560125,0.0
0.07165624999999999,-1.51065625,8.5643125,0.0
0.07175,-1.51075,8.5685,0.0
0.07184375,-1.51084375,8.5726875,0.0
0.07193749999999999,-1.5109375,8.576875000000001,0.0
0.07203124999999999,-1.51103125,8.5810625,0.0
0.072125,-1.511125,8.58525,0.0
0.07221875,-1.51121875,8.5894375,0.0
0.0723125,-1.5113125,8.593625,0.0
0.07240624999999999,-1.51140625,8.5978125,0.0
0.0725,-1.5114999999999998,8.602,0.0
0.07259375,-1.5115937499999998,8.6061875,0.0
0.07268749999999999,-1.5116874999999999,8.610375000000001,0.0
0.07278124999999999,-1.5117812499999999,8.6145625,0.0
0.072875,-1.5118749999999999,8.61875,0.0
0.07296875,-1.5119687499999999,8.6229375,0.0
0.0730625,-1.5120624999999999,8.627125,0.0
0.07315624999999999,-1.5121562499999999,8.6313125,0.0
0.07325,-1.5122499999999999,8.6355,0.0
0.07334375,-1.5123437499999999,8.6396875,0.0
0.07343749999999999,-1.5124374999999999,8.643875000000001,0.0
0.07353124999999999,-1.5125312499999999,8.6480625,0.0
0.073625,-1.5126249999999999,8.65225,0.0
0.07371875,-1.51271875,8.656437500000001,0.0
0.0738125,-1.5128125,8.660625,0.0
0.07390624999999999,-1.51290625,8.6648125,0.0
0.074,-1.513,8.669,0.0
0.07428125,-1.5127499999999998,8.6713125,0.0
0.0745625,-1.5125,8.673625000000001,0.0
0.07484375,-1.5122499999999999,8.6759375,0.0
0.075125,-1.512,8.67825,0.0
0.07540625,-1.51175,8.6805625,0.0
0.07568749999999999,-1.5114999999999998,8.682875000000001,0.0
0.07596875,-1.51125,8.6851875,0.0
0.07625,-1.511,8.6875,0.0
0.07653125,-1.5107499999999998,8.6898125,0.0
0.0768125,-1.5105,8.692125,0.0
0.07709375,-1.5102499999999999,8.694437500000001,0.0
0.077375,-1.5099999999999998,8.69675,0.0
0.07765625,-1.50975,8.6990625,0.0
0.07793749999999999,-1.5094999999999998,8.701375,0.0
0.07821875,-1.50925,8.703687500000001,0.0
0.0785,-1.509,8.706,0.0
0.07878125,-1.5087499999999998,8.7083125,0.0
0.07906250000000001,-1.5085,8.710625,0.0
0.07934375,-1.5082499999999999,8.7129375,0.0
0.079625,-1.508,8.715250000000001,0.0
0.07990625,-1.50775,8.7175625,0.0
0.0801875,-1.5074999999999998,8.719875,0.0
0.08046875,-1.50725,8.7221875,0.0
0.08075,-1.507,8.7245,0.0
0.08103125,-1.5067499999999998,8.726812500000001,0.0
0.08131250000000001,-1.5065,8.729125,0.0
0.08159375,-1.5062499999999999,8.7314375,0.0
0.081875,-1.5059999999999998,8.73375,0.0
0.08215625,-1.50575,8.736062500000001,0.0
0.0824375,-1.5054999999999998,8.738375,0.0
0.08271875000000001,-1.50525,8.7406875,0.0
0.083,-1.505,8.743,0.0
0.0829375,-1.504875,8.74675,0.0
0.082875,-1.5047499999999998,8.7505,0.0
0.08281250000000001,-1.5046249999999999,8.75425,0.0
0.08275,-1.5045,8.758000000000001,0.0
0.0826875,-1.5043749999999998,8.761750000000001,0.0
0.082625,-1.5042499999999999,8.7655,0.0
0.08256250000000001,-1.504125,8.76925,0.0
0.0825,-1.504,8.773,0.0
0.0824375,-1.5038749999999999,8.77675,0.0
0.082375,-1.50375,8.7805,0.0
0.08231250000000001,-1.503625,8.78425,0.0
0.08225,-1.5034999999999998,8.788,0.0
0.0821875,-1.503375,8.79175,0.0
0.082125,-1.50325,8.7955,0.0
0.08206250000000001,-1.5031249999999998,8.79925,0.0
0.082,-1.503,8.803,0.0
0.0819375,-1.502875,8.80675,0.0
0.081875,-1.5027499999999998,8.8105,0.0
0.08181250000000001,-1.5026249999999999,8.81425,0.0
0.08175,-1.5025,8.818,0.0
0.0816875,-1.5023749999999998,8.82175,0.0
0.081625,-1.5022499999999999,8.8255,0.0
0.08156250000000001,-1.502125,8.82925,0.0
0.0815,-1.5019999999999998,8.833,0.0
0.0814375,-1.5018749999999998,8.83675,0.0
0.081375,-1.50175,8.8405,0.0
0.08131250000000001,-1.501625,8.844249999999999,0.0
0.08125,-1.5014999999999998,8.847999999999999,0.0
0.0811875,-1.501375,8.85175,0.0
0.081125,-1.50125,8.8555,0.0
0.08106250000000001,-1.5011249999999998,8.85925,0.0
0.081,-1.501,8.863,0.0
0.08084375,-1.50078125,8.86884375,0.0
0.0806875,-1.5005624999999998,8.8746875,0.0
0.08053125,-1.5003437499999999,8.880531249999999,0.0
0.080375,-1.500125,8.886375,0.0
0.08021875,-1.49990625,8.89221875,0.0
0.08006250000000001,-1.4996874999999998,8.8980625,0.0
0.07990625,-1.49946875,8.90390625,0.0
0.07975,-1.49925,8.909749999999999,0.0
0.07959375,-1.4990312499999998,8.91559375,0.0
0.0794375,-1.4988124999999999,8.9214375,0.0
0.07928125,-1.49859375,8.92728125,0.0
0.079125,-1.498375,8.933125,0.0
0.07896875,-1.4981562499999999,8.93896875,0.0
0.07881250000000001,-1.4979375,8.9448125,0.0
0.07865625,-1.49771875,8.95065625,0.0
0.0785,-1.4975,8.9565,0.0
0.07834375,-1.49728125,8.96234375,0.0
0.0781875,-1.4970625,8.9681875,0.0
0.07803125,-1.49684375,8.97403125,0.0
0.077875,-1.4966249999999999,8.979875,0.0
0.07771875,-1.49640625,8.98571875,0.0
0.0775625,-1.4961875,8.9915625,0.0
0.07740625,-1.49596875,8.997406250000001,0.0
0.07725,-1.49575,9.003250000000001,0.0
0.07709375,-1.49553125,9.00909375,0.0
0.07693749999999999,-1.4953125,9.0149375,0.0
0.07678125,-1.4950937499999999,9.02078125,0.0
0.076625,-1.494875,9.026625000000001,0.0
0.07646875,-1.49465625,9.032468750000001,0.0
0.0763125,-1.4944375,9.0383125,0.0
0.07615625,-1.49421875,9.04415625,0.0
0.076,-1.494,9.05,0.0
0.07571875,-1.4936875,9.05203125,0.0
0.0754375,-1.493375,9.0540625,0.0
0.07515625,-1.4930625,9.05609375,0.0
0.074875,-1.49275,9.058125,0.0
0.07459375,-1.4924375,9.06015625,0.0
0.0743125,-1.492125,9.0621875,0.0
0.07403124999999999,-1.4918125,9.06421875,0.0
0.07375,-1.4915,9.06625,0.0
0.07346875,-1.4911874999999999,9.06828125,0.0
0.0731875,-1.490875,9.0703125,0.0
0.07290625,-1.4905625,9.07234375,0.0
0.072625,-1.49025,9.074375,0.0
0.07234375,-1.4899375,9.07640625,0.0
0.0720625,-1.489625,9.0784375,0.0
0.07178125,-1.4893125,9.08046875,0.0
0.07150000000000001,-1.4889999999999999,9.0825,0.0
0.07121875,-1.4886875,9.084531250000001,0.0
0.0709375,-1.488375,9.086562500000001,0.0
0.07065625,-1.4880625,9.088593750000001,0.0
0.07037500000000001,-1.48775,9.090625000000001,0.0
0.07009375,-1.4874375,9.092656250000001,0.0
0.0698125,-1.487125,9.094687500000001,0.0
0.06953125,-1.4868125,9.09671875,0.0
0.06925,-1.4865,9.09875,0.0
0.06896875,-1.4861875,9.10078125,0.0
0.0686875,-1.485875,9.1028125,0.0
0.06840625,-1.4855625,9.10484375,0.0
0.068125,-1.48525,9.106875,0.0
0.06784375000000001,-1.4849375,9.10890625,0.0
0.0675625,-1.484625,9.1109375,0.0
0.06728125,-1.4843125,9.11296875,0.0
0.067,-1.484,9.115,0.0
0.067,-1.4844375,9.1161875,0.0
0.067,-1.484875,9.117375000000001,0.0
0.067,-1.4853125,9.1185625,0.0
0.067,-1.48575,9.11975,0.0
0.067,-1.4861875,9.1209375,0.0
0.067,-1.486625,9.122125,0.0
0.067,-1.4870625,9.1233125,0.0
0.067,-1.4875,9.124500000000001,0.0
0.067,-1.4879375,9.1256875,0.0
0.067,-1.488375,9.126875,0.0
0.067,-1.4888125,9.1280625,0.0
0.067,-1.48925,9.12925,0.0
0.067,-1.4896875,9.130437500000001,0.0
0.067,-1.490125,9.131625,0.0
0.067,-1.4905625,9.1328125,0.0
0.067,-1.491,9.134,0.0
0.067,-1.4914375,9.1351875,0.0
0.067,-1.491875,9.136375000000001,0.0
0.067,-1.4923125,9.1375625,0.0
0.067,-1.49275,9.13875,0.0
0.067,-1.4931875,9.1399375,0.0
0.067,-1.493625,9.141125,0.0
0.067,-1.4940625,9.142312500000001,0.0
0.067,-1.4945,9.1435,0.0
0.067,-1.4949375,9.1446875,0.0
0.067,-1.495375,9.145875,0.0
0.067,-1.4958125,9.1470625,0.0
0.067,-1.49625,9.14825,0.0
0.067,-1.4966875,9.149437500000001,0.0
0.067,-1.497125,9.150625,0.0
0.067,-1.4975625,9.1518125,0.0
0.067,-1.498,9.153,0.0
0.06668750000000001,-1.4971875,9.156500000000001,0.0
0.066375,-1.496375,9.16,0.0
0.06606250000000001,-1.4955625,9.1635,0.0
0.06575,-1.49475,9.167,0.0
0.06543750000000001,-1.4939375,9.1705,0.0
0.065125,-1.493125,9.174000000000001,0.0
0.06481250000000001,-1.4923125,9.1775,0.0
0.0645,-1.4915,9.181000000000001,0.0
0.06418750000000001,-1.4906875,9.1845,0.0
0.063875,-1.489875,9.188,0.0
0.06356250000000001,-1.4890625,9.191500000000001,0.0
0.06325,-1.48825,9.195,0.0
0.06293750000000001,-1.4874375,9.198500000000001,0.0
0.062625,-1.486625,9.202,0.0
0.06231250000000001,-1.4858125,9.2055,0.0
0.062,-1.4849999999999999,9.209,0.0
0.061687500000000006,-1.4841875,9.2125,0.0
0.061375,-1.4833749999999999,9.216000000000001,0.0
0.061062500000000006,-1.4825625,9.2195,0.0
0.060750000000000005,-1.48175,9.223,0.0
0.060437500000000005,-1.4809375,9.2265,0.0
0.060125000000000005,-1.480125,9.23,0.0
0.059812500000000005,-1.4793125,9.233500000000001,0.0
0.059500000000000004,-1.4785,9.237,0.0
0.059187500000000004,-1.4776875,9.2405,0.0
0.058875000000000004,-1.476875,9.244,0.0
0.0585625,-1.4760625,9.2475,0.0
0.05825,-1.47525,9.251000000000001,0.0
0.0579375,-1.4744375,9.2545,0.0
0.057625,-1.473625,9.258000000000001,0.0
0.0573125,-1.4728125,9.2615,0.0
0.057,-1.472,9.265,0.0
0.05715625,-1.4720625,9.26659375,0.0
0.0573125,-1.472125,9.2681875,0.0
0.05746875,-1.4721875,9.269781250000001,0.0
0.057625,-1.47225,9.271375,0.0
0.05778125,-1.4723125,9.27296875,0.0
0.0579375,-1.472375,9.2745625,0.0
0.05809375,-1.4724375,9.276156250000001,0.0
0.05825,-1.4725,9.277750000000001,0.0
0.05840625,-1.4725625,9.27934375,0.0
0.0585625,-1.472625,9.2809375,0.0
0.05871875,-1.4726875,9.28253125,0.0
0.058875000000000004,-1.47275,9.284125000000001,0.0
0.05903125,-1.4728125,9.285718750000001,0.0
0.059187500000000004,-1.472875,9.2873125,0.0
0.05934375,-1.4729375,9.28890625,0.0
0.0595,-1.4729999999999999,9.290500000000002,0.0
0.05965625,-1.4730625,9.292093750000001,0.0
0.0598125,-1.473125,9.2936875,0.0
0.05996875,-1.4731874999999999,9.29528125,0.0
0.060125,-1.47325,9.296875,0.0
0.06028125,-1.4733125,9.298468750000001,0.0
0.0604375,-1.4733749999999999,9.300062500000001,0.0
0.06059375,-1.4734375,9.30165625,0.0
0.06075,-1.4735,9.30325,0.0
0.06090625,-1.4735624999999999,9.30484375,0.0
0.0610625,-1.473625,9.306437500000001,0.0
0.06121875,-1.4736875,9.30803125,0.0
0.061375,-1.47375,9.309625,0.0
0.06153125,-1.4738125,9.31121875,0.0
0.0616875,-1.473875,9.312812500000001,0.0
0.06184375,-1.4739375,9.314406250000001,0.0
0.062,-1.474,9.316,0.0
0.06153125,-1.47446875,9.318843750000001,0.0
0.0610625,-1.4749375,9.321687500000001,0.0
0.06059375,-1.47540625,9.324531250000001,0.0
0.060125,-1.475875,9.327375,0.0
0.05965625,-1.47634375,9.33021875,0.0
0.0591875,-1.4768125,9.3330625,0.0
0.05871875,-1.47728125,9.33590625,0.0
0.058249999999999996,-1.47775,9.338750000000001,0.0
0.05778125,-1.47821875,9.341593750000001,0.0
0.0573125,-1.4786875,9.3444375,0.0
0.05684375,-1.47915625,9.34728125,0.0
0.056375,-1.479625,9.350125,0.0
0.05590625,-1.48009375,9.35296875,0.0
0.0554375,-1.4805625,9.3558125,0.0
0.05496875,-1.48103125,9.358656250000001,0.0
0.0545,-1.4815,9.3615,0.0
0.05403125,-1.48196875,9.36434375,0.0
0.0535625,-1.4824375,9.3671875,0.0
0.05309375,-1.48290625,9.37003125,0.0
0.052625,-1.483375,9.372875,0.0
0.05215625,-1.4838437500000001,9.37571875,0.0
0.0516875,-1.4843125000000001,9.378562500000001,0.0
0.05121875,-1.4847812500000002,9.38140625,0.0
0.05075,-1.4852500000000002,9.38425,0.0
0.05028125,-1.48571875,9.38709375,0.0
0.049812499999999996,-1.4861875,9.3899375,0.0
0.04934375,-1.48665625,9.39278125,0.0
0.048875,-1.487125,9.395625,0.0
0.04840625,-1.48759375,9.39846875,0.0
0.0479375,-1.4880625,9.4013125,0.0
0.047468750000000004,-1.48853125,9.40415625,0.0
0.047,-1.489,9.407,0.0
0.04671875,-1.4891562500000002,9.40915625,0.0
0.0464375,-1.4893125,9.4113125,0.0
0.04615625,-1.4894687500000001,9.41346875,0.0
0.045875,-1.4896250000000002,9.415625,0.0
0.04559375,-1.48978125,9.41778125,0.0
0.0453125,-1.4899375000000001,9.4199375,0.0
0.04503125,-1.49009375,9.42209375,0.0
0.04475,-1.49025,9.42425,0.0
0.04446875,-1.4904062500000002,9.42640625,0.0
0.0441875,-1.4905625,9.4285625,0.0
0.04390625,-1.49071875,9.43071875,0.0
0.043625,-1.490875,9.432875000000001,0.0
0.04334375,-1.49103125,9.43503125,0.0
0.043062500000000004,-1.4911875,9.4371875,0.0
0.04278125,-1.49134375,9.43934375,0.0
0.042499999999999996,-1.4915,9.441500000000001,0.0
0.04221875,-1.4916562500000001,9.44365625,0.0
0.0419375,-1.4918125,9.4458125,0.0
0.04165625,-1.49196875,9.447968750000001,0.0
0.041375,-1.4921250000000001,9.450125,0.0
0.04109375,-1.49228125,9.45228125,0.0
0.0408125,-1.4924375,9.454437500000001,0.0
0.04053125,-1.49259375,9.456593750000001,0.0
0.04025,-1.49275,9.45875,0.0
0.03996875,-1.49290625,9.46090625,0.0
0.0396875,-1.4930625,9.463062500000001,0.0
0.03940625,-1.49321875,9.46521875,0.0
0.039125,-1.493375,9.467375,0.0
0.038843749999999996,-1.49353125,9.469531250000001,0.0
0.0385625,-1.4936875,9.471687500000002,0.0
0.03828125,-1.49384375,9.47384375,0.0
0.038,-1.494,9.476,0.0
0.0380625,-1.494,9.477500000000001,0.0
0.038125,-1.494,9.479000000000001,0.0
0.0381875,-1.494,9.480500000000001,0.0
0.03825,-1.494,9.482000000000001,0.0
0.0383125,-1.494,9.483500000000001,0.0
0.038375,-1.494,9.485000000000001,0.0
0.0384375,-1.494,9.486500000000001,0.0
0.0385,-1.494,9.488,0.0
0.0385625,-1.494,9.4895,0.0
0.038625,-1.494,9.491,0.0
0.0386875,-1.494,9.4925,0.0
0.03875,-1.494,9.494,0.0
0.0388125,-1.494,9.4955,0.0
0.038875,-1.494,9.497,0.0
0.0389375,-1.494,9.4985,0.0
0.039,-1.494,9.5,0.0
0.0390625,-1.494,9.5015,0.0
0.039125,-1.494,9.503,0.0
0.0391875,-1.494,9.5045,0.0
0.03925,-1.494,9.506,0.0
0.0393125,-1.494,9.5075,0.0
0.039375,-1.494,9.509,0.0
0.0394375,-1.494,9.5105,0.0
0.0395,-1.494,9.512,0.0
0.0395625,-1.494,9.513499999999999,0.0
0.039625,-1.494,9.514999999999999,0.0
0.0396875,-1.494,9.516499999999999,0.0
0.03975,-1.494,9.517999999999999,0.0
0.0398125,-1.494,9.519499999999999,0.0
0.039875,-1.494,9.520999999999999,0.0
0.0399375,-1.494,9.522499999999999,0.0
0.04,-1.494,9.524,0.0
0.0403125,-1.49471875,9.52684375,0.0
0.040625,-1.4954375,9.5296875,0.0
0.0409375,-1.49615625,9.53253125,0.0
0.04125,-1.496875,9.535374999999998,0.0
0.0415625,-1.49759375,9.538218749999999,0.0
0.041875,-1.4983125,9.541062499999999,0.0
0.0421875,-1.49903125,9.54390625,0.0
0.0425,-1.49975,9.54675,0.0
0.0428125,-1.50046875,9.54959375,0.0
0.043125000000000004,-1.5011875,9.5524375,0.0
0.043437500000000004,-1.50190625,9.55528125,0.0
0.043750000000000004,-1.5026249999999999,9.558125,0.0
0.044062500000000004,-1.50334375,9.560968749999999,0.0
0.044375,-1.5040624999999999,9.5638125,0.0
0.044687500000000005,-1.50478125,9.56665625,0.0
0.045,-1.5055,9.5695,0.0
0.045312500000000006,-1.50621875,9.57234375,0.0
0.045625,-1.5069375,9.5751875,0.0
0.0459375,-1.50765625,9.57803125,0.0
0.04625,-1.508375,9.580874999999999,0.0
0.0465625,-1.50909375,9.58371875,0.0
0.046875,-1.5098125,9.5865625,0.0
0.0471875,-1.5105312499999999,9.58940625,0.0
0.0475,-1.51125,9.59225,0.0
0.0478125,-1.5119687499999999,9.59509375,0.0
0.048125,-1.5126875,9.5979375,0.0
0.0484375,-1.5134062499999998,9.60078125,0.0
0.04875,-1.514125,9.603625000000001,0.0
0.0490625,-1.5148437499999998,9.60646875,0.0
0.049375,-1.5155625,9.6093125,0.0
0.0496875,-1.5162812499999998,9.61215625,0.0
0.05,-1.517,9.615,0.0
0.0489375,-1.51790625,9.618375,0.0
0.047875,-1.5188125,9.62175,0.0
0.0468125,-1.51971875,9.625125,0.0
0.04575,-1.520625,9.6285,0.0
0.044687500000000005,-1.52153125,9.631875,0.0
0.043625000000000004,-1.5224374999999999,9.635250000000001,0.0
0.0425625,-1.52334375,9.638625000000001,0.0
0.0415,-1.5242499999999999,9.642,0.0
0.0404375,-1.52515625,9.645375,0.0
0.039375,-1.5260624999999999,9.64875,0.0
0.0383125,-1.52696875,9.652125,0.0
0.037250000000000005,-1.5278749999999999,9.6555,0.0
0.0361875,-1.52878125,9.658875,0.0
0.035125,-1.5296874999999999,9.66225,0.0
0.0340625,-1.53059375,9.665625,0.0
0.033,-1.5314999999999999,9.669,0.0
0.0319375,-1.53240625,9.672375,0.0
0.030875,-1.5333125,9.67575,0.0
0.029812500000000002,-1.53421875,9.679125,0.0
0.02875,-1.535125,9.682500000000001,0.0
0.0276875,-1.53603125,9.685875000000001,0.0
0.026625000000000003,-1.5369375,9.689250000000001,0.0
0.025562500000000002,-1.53784375,9.692625000000001,0.0
0.0245,-1.53875,9.696000000000002,0.0
0.0234375,-1.53965625,9.699375,0.0
0.022375,-1.5405625,9.70275,0.0
0.0213125,-1.54146875,9.706125,0.0
0.02025,-1.542375,9.7095,0.0
0.0191875,-1.54328125,9.712875,0.0
0.018125000000000002,-1.5441875,9.71625,0.0
0.0170625,-1.54509375,9.719625,0.0
0.016,-1.546,9.723,0.0
0.0159375,-1.54578125,9.724718750000001,0.0
0.015875,-1.5455625,9.726437500000001,0.0
0.0158125,-1.54534375,9.728156250000001,0.0
0.01575,-1.545125,9.729875,0.0
0.0156875,-1.54490625,9.73159375,0.0
0.015625,-1.5446875,9.7333125,0.0
0.0155625,-1.54446875,9.73503125,0.0
0.0155,-1.54425,9.73675,0.0
0.0154375,-1.54403125,9.738468750000001,0.0
0.015375,-1.5438125,9.740187500000001,0.0
0.0153125,-1.54359375,9.741906250000001,0.0
0.01525,-1.543375,9.743625000000002,0.0
0.0151875,-1.54315625,9.74534375,0.0
0.015125,-1.5429375,9.7470625,0.0
0.0150625,-1.54271875,9.74878125,0.0
0.015,-1.5425,9.7505,0.0
0.0149375,-1.54228125,9.75221875,0.0
0.014875,-1.5420625,9.753937500000001,0.0
0.014812500000000001,-1.54184375,9.755656250000001,0.0
0.014750000000000001,-1.541625,9.757375,0.0
0.014687500000000001,-1.5414062499999999,9.75909375,0.0
0.014625,-1.5411875,9.7608125,0.0
0.0145625,-1.54096875,9.76253125,0.0
0.0145,-1.54075,9.76425,0.0
0.0144375,-1.54053125,9.76596875,0.0
0.014375,-1.5403125,9.767687500000001,0.0
0.0143125,-1.54009375,9.769406250000001,0.0
0.01425,-1.5398749999999999,9.771125000000001,0.0
0.0141875,-1.53965625,9.77284375,0.0
0.014125,-1.5394375,9.7745625,0.0
0.0140625,-1.5392187499999999,9.77628125,0.0
0.014,-1.539,9.778,0.0
0.0140625,-1.5394375,9.780906250000001,0.0
0.014125,-1.5398749999999999,9.7838125,0.0
0.0141875,-1.5403125,9.78671875,0.0
0.01425,-1.5407499999999998,9.789625000000001,0.0
0.0143125,-1.5411875,9.79253125,0.0
0.014375,-1.541625,9.7954375,0.0
0.0144375,-1.5420625,9.79834375,0.0
0.0145,-1.5425,9.80125,0.0
0.0145625,-1.5429374999999999,9.80415625,0.0
0.014625,-1.543375,9.8070625,0.0
0.014687500000000001,-1.5438125,9.809968750000001,0.0
0.014750000000000001,-1.54425,9.812875,0.0
0.014812500000000001,-1.5446875,9.81578125,0.0
0.014875000000000001,-1.5451249999999999,9.818687500000001,0.0
0.0149375,-1.5455625,9.82159375,0.0
0.015,-1.5459999999999998,9.8245,0.0
0.0150625,-1.5464375,9.827406250000001,0.0
0.015125,-1.546875,9.8303125,0.0
0.0151875,-1.5473124999999999,9.83321875,0.0
0.01525,-1.54775,9.836125000000001,0.0
0.0153125,-1.5481874999999998,9.83903125,0.0
0.015375,-1.548625,9.8419375,0.0
0.0154375,-1.5490625,9.84484375,0.0
0.0155,-1.5494999999999999,9.847750000000001,0.0
0.0155625,-1.5499375,9.85065625,0.0
0.015625,-1.5503749999999998,9.8535625,0.0
0.0156875,-1.5508125,9.856468750000001,0.0
0.01575,-1.55125,9.859375,0.0
0.0158125,-1.5516874999999999,9.86228125,0.0
0.015875,-1.552125,9.865187500000001,0.0
0.0159375,-1.5525624999999998,9.86809375,0.0
0.016,-1.553,9.871,0.0
0.01571875,-1.55271875,9.8725625,0.0
0.0154375,-1.5524375,9.874125000000001,0.0
0.01515625,-1.55215625,9.8756875,0.0
0.014875,-1.551875,9.87725,0.0
0.01459375,-1.5515937499999999,9.8788125,0.0
0.0143125,-1.5513124999999999,9.880375,0.0
0.01403125,-1.5510312499999999,9.8819375,0.0
0.01375,-1.5507499999999999,9.8835,0.0
0.01346875,-1.55046875,9.8850625,0.0
0.0131875,-1.5501875,9.886625,0.0
0.012906250000000001,-1.54990625,9.8881875,0.0
0.012625,-1.549625,9.88975,0.0
0.01234375,-1.54934375,9.8913125,0.0
0.0120625,-1.5490625,9.892875,0.0
0.01178125,-1.54878125,9.8944375,0.0
0.0115,-1.5485,9.896,0.0
0.01121875,-1.54821875,9.8975625,0.0
0.0109375,-1.5479375,9.899125,0.0
0.010656249999999999,-1.54765625,9.9006875,0.0
0.010374999999999999,-1.547375,9.90225,0.0
0.010093749999999999,-1.54709375,9.903812499999999,0.0
0.0098125,-1.5468125,9.905375,0.0
0.00953125,-1.54653125,9.9069375,0.0
0.00925,-1.5462500000000001,9.9085,0.0
0.00896875,-1.5459687500000001,9.9100625,0.0
0.008687499999999999,-1.5456875,9.911624999999999,0.0
0.00840625,-1.54540625,9.9131875,0.0
0.008125,-1.545125,9.91475,0.0
0.00784375,-1.54484375,9.9163125,0.0
0.0075625,-1.5445625,9.917874999999999,0.0
0.0072812499999999995,-1.54428125,9.919437499999999,0.0
0.007,-1.544,9.921,0.0
0.00721875,-1.54428125,9.922593749999999,0.0
0.0074375000000000005,-1.5445625,9.924187499999999,0.0
0.00765625,-1.54484375,9.92578125,0.0
0.007875,-1.545125,9.927375,0.0
0.00809375,-1.54540625,9.92896875,0.0
0.0083125,-1.5456875,9.930562499999999,0.0
0.00853125,-1.5459687500000001,9.93215625,0.0
0.00875,-1.5462500000000001,9.93375,0.0
0.008968750000000001,-1.54653125,9.93534375,0.0
0.009187500000000001,-1.5468125,9.936937499999999,0.0
0.00940625,-1.54709375,9.938531249999999,0.0
0.009625,-1.547375,9.940125,0.0
0.00984375,-1.54765625,9.94171875,0.0
0.0100625,-1.5479375,9.9433125,0.0
0.01028125,-1.54821875,9.944906249999999,0.0
0.0105,-1.5485,9.9465,0.0
0.01071875,-1.54878125,9.94809375,0.0
0.0109375,-1.5490625,9.9496875,0.0
0.01115625,-1.54934375,9.95128125,0.0
0.011375,-1.549625,9.952874999999999,0.0
0.01159375,-1.54990625,9.95446875,0.0
0.0118125,-1.5501875,9.9560625,0.0
0.01203125,-1.55046875,9.95765625,0.0
0.01225,-1.5507499999999999,9.959249999999999,0.0
0.01246875,-1.5510312499999999,9.960843749999999,0.0
0.0126875,-1.5513124999999999,9.9624375,0.0
0.012906250000000001,-1.5515937499999999,9.96403125,0.0
0.013125000000000001,-1.551875,9.965625,0.0
0.013343750000000001,-1.55215625,9.967218749999999,0.0
0.0135625,-1.5524375,9.9688125,0.0
0.01378125,-1.55271875,9.97040625,0.0
0.014,-1.553,9.972,0.0
0.01321875,-1.55390625,9.97559375,0.0
0.0124375,-1.5548125,9.9791875,0.0
0.01165625,-1.55571875,9.98278125,0.0
0.010875,-1.556625,9.986374999999999,0.0
0.01009375,-1.55753125,9.98996875,0.0
0.0093125,-1.5584375,9.9935625,0.0
0.00853125,-1.55934375,9.99715625,0.0
0.00775,-1.56025,10.00075,0.0
0.00696875,-1.56115625,10.00434375,0.0
0.0061875,-1.5620625,10.007937499999999,0.0
0.00540625,-1.56296875,10.011531249999999,0.0
0.004624999999999999,-1.563875,10.015125,0.0
0.00384375,-1.56478125,10.01871875,0.0
0.0030624999999999993,-1.5656875,10.0223125,0.0
0.0022812500000000003,-1.56659375,10.02590625,0.0
0.0014999999999999996,-1.5675,10.029499999999999,0.0
0.0007187499999999989,-1.56840625,10.033093749999999,0.0
-6.250000000000006e-05,-1.5693125,10.0366875,0.0
-0.0008437500000000007,-1.57021875,10.04028125,0.0
-0.0016249999999999997,-1.571125,10.043875,0.0
-0.0024062500000000004,-1.57203125,10.04746875,0.0
-0.003187500000000001,-1.5729375,10.0510625,0.0
-0.003968750000000002,-1.57384375,10.054656249999999,0.0
-0.0047500000000000025,-1.57475,10.05825,0.0
-0.00553125,-1.57565625,10.06184375,0.0
-0.0063125,-1.5765625,10.0654375,0.0
-0.007093750000000001,-1.57746875,10.06903125,0.0
-0.007875000000000002,-1.578375,10.072625,0.0
-0.008656250000000002,-1.57928125,10.076218749999999,0.0
-0.0094375,-1.5801875,10.0798125,0.0
-0.01021875,-1.58109375,10.08340625,0.0
-0.011,-1.582,10.087,0.0
-0.0113125,-1.5828125000000002,10.08878125,0.0
-0.011625,-1.583625,10.090562499999999,0.0
-0.0119375,-1.5844375000000002,10.09234375,0.0
-0.01225,-1.58525,10.094125,0.0
-0.012562499999999999,-1.5860625000000002,10.09590625,0.0
-0.012875,-1.586875,10.0976875,0.0
-0.0131875,-1.5876875000000001,10.09946875,0.0
-0.0135,-1.5885,10.10125,0.0
-0.0138125,-1.5893125000000001,10.103031249999999,0.0
-0.014125,-1.590125,10.1048125,0.0
-0.014437499999999999,-1.5909375000000001,10.10659375,0.0
-0.01475,-1.59175,10.108375,0.0
-0.0150625,-1.5925625,10.11015625,0.0
-0.015375,-1.593375,10.1119375,0.0
-0.0156875,-1.5941875,10.11371875,0.0
-0.016,-1.5950000000000002,10.1155,0.0
-0.0163125,-1.5958125,10.11728125,0.0
-0.016625,-1.5966250000000002,10.1190625,0.0
-0.0169375,-1.5974375,10.12084375,0.0
-0.01725,-1.5982500000000002,10.122625,0.0
-0.0175625,-1.5990625,10.12440625,0.0
-0.017875000000000002,-1.5998750000000002,10.1261875,0.0
-0.018187500000000002,-1.6006875,10.12796875,0.0
-0.018500000000000003,-1.6015000000000001,10.12975,0.0
-0.018812500000000003,-1.6023125,10.13153125,0.0
-0.019125000000000003,-1.6031250000000001,10.1333125,0.0
-0.019437500000000003,-1.6039375,10.13509375,0.0
-0.01975,-1.6047500000000001,10.136875,0.0
-0.0200625,-1.6055625,10.13865625,0.0
-0.020375,-1.606375,10.1404375,0.0
-0.0206875,-1.6071875,10.14221875,0.0
-0.021,-1.608,10.144,0.0
-0.0213125,-1.609,10.14528125,0.0
-0.021625000000000002,-1.61,10.1465625,0.0
-0.021937500000000002,-1.611,10.14784375,0.0
-0.022250000000000002,-1.612,10.149125,0.0
-0.0225625,-1.613,10.15040625,0.0
-0.022875,-1.614,10.1516875,0.0
-0.0231875,-1.615,10.15296875,0.0
-0.0235,-1.616,10.154250000000001,0.0
-0.0238125,-1.617,10.155531250000001,0.0
-0.024125,-1.618,10.156812500000001,0.0
-0.0244375,-1.619,10.15809375,0.0
-0.02475,-1.62,10.159375,0.0
-0.0250625,-1.621,10.16065625,0.0
-0.025375,-1.622,10.1619375,0.0
-0.025687500000000002,-1.623,10.16321875,0.0
-0.026000000000000002,-1.624,10.1645,0.0
-0.026312500000000003,-1.625,10.16578125,0.0
-0.026625,-1.626,10.1670625,0.0
-0.0269375,-1.627,10.16834375,0.0
-0.02725,-1.628,10.169625,0.0
-0.0275625,-1.629,10.17090625,0.0
-0.027875,-1.63,10.1721875,0.0
-0.0281875,-1.631,10.17346875,0.0
-0.0285,-1.632,10.17475,0.0
-0.0288125,-1.633,10.176031250000001,0.0
-0.029124999999999998,-1.634,10.177312500000001,0.0
-0.0294375,-1.635,10.178593750000001,0.0
-0.02975,-1.636,10.179875000000001,0.0
-0.0300625,-1.637,10.18115625,0.0
-0.030375,-1.638,10.1824375,0.0
-0.0306875,-1.639,10.18371875,0.0
-0.031,-1.64,10.185,0.0
-0.03159375,-1.6397499999999998,10.1869375,0.0
-0.0321875,-1.6395,10.188875000000001,0.0
-0.03278125,-1.6392499999999999,10.1908125,0.0
-0.033375,-1.6389999999999998,10.19275,0.0
-0.03396875,-1.63875,10.1946875,0.0
-0.0345625,-1.6384999999999998,10.196625000000001,0.0
-0.03515625,-1.63825,10.1985625,0.0
-0.035750000000000004,-1.638,10.2005,0.0
-0.03634375,-1.6377499999999998,10.2024375,0.0
-0.0369375,-1.6375,10.204375,0.0
-0.03753125,-1.6372499999999999,10.206312500000001,0.0
-0.038125,-1.637,10.20825,0.0
-0.03871875,-1.63675,10.2101875,0.0
-0.0393125,-1.6364999999999998,10.212125,0.0
-0.039906250000000004,-1.63625,10.2140625,0.0
-0.0405,-1.636,10.216000000000001,0.0
-0.04109375,-1.6357499999999998,10.2179375,0.0
-0.0416875,-1.6355,10.219875,0.0
-0.04228125,-1.6352499999999999,10.2218125,0.0
-0.042875,-1.6349999999999998,10.22375,0.0
-0.04346875,-1.63475,10.2256875,0.0
-0.044062500000000004,-1.6344999999999998,10.227625,0.0
-0.04465625,-1.63425,10.2295625,0.0
-0.04525,-1.634,10.2315,0.0
-0.04584375,-1.6337499999999998,10.2334375,0.0
-0.04643750000000001,-1.6335,10.235375,0.0
-0.047031250000000004,-1.6332499999999999,10.2373125,0.0
-0.047625,-1.633,10.23925,0.0
-0.048218750000000005,-1.63275,10.2411875,0.0
-0.0488125,-1.6324999999999998,10.243125,0.0
-0.04940625,-1.63225,10.2450625,0.0
-0.05,-1.632,10.247,0.0
-0.049468750000000006,-1.6333437499999999,10.24834375,0.0
-0.0489375,-1.6346874999999998,10.2496875,0.0
-0.048406250000000005,-1.6360312499999998,10.25103125,0.0
-0.047875,-1.637375,10.252375,0.0
-0.047343750000000004,-1.63871875,10.253718749999999,0.0
-0.0468125,-1.6400625,10.2550625,0.0
-0.04628125,-1.64140625,10.25640625,0.0
-0.04575,-1.64275,10.25775,0.0
-0.04521875,-1.64409375,10.25909375,0.0
-0.044687500000000005,-1.6454374999999999,10.2604375,0.0
-0.04415625,-1.6467812499999999,10.26178125,0.0
-0.043625000000000004,-1.6481249999999998,10.263124999999999,0.0
-0.04309375,-1.64946875,10.264468749999999,0.0
-0.0425625,-1.6508125,10.2658125,0.0
-0.042031250000000006,-1.65215625,10.26715625,0.0
-0.0415,-1.6535,10.2685,0.0
-0.04096875,-1.65484375,10.26984375,0.0
-0.0404375,-1.6561875,10.2711875,0.0
-0.039906250000000004,-1.65753125,10.27253125,0.0
-0.039375,-1.658875,10.273875,0.0
-0.03884375,-1.66021875,10.275218749999999,0.0
-0.0383125,-1.6615625,10.276562499999999,0.0
-0.03778125,-1.66290625,10.27790625,0.0
-0.037250000000000005,-1.66425,10.27925,0.0
-0.03671875,-1.66559375,10.28059375,0.0
-0.0361875,-1.6669375,10.2819375,0.0
-0.03565625,-1.66828125,10.28328125,0.0
-0.035125,-1.669625,10.284624999999998,0.0
-0.03459375,-1.6709687500000001,10.285968749999999,0.0
-0.0340625,-1.6723125,10.287312499999999,0.0
-0.03353125,-1.67365625,10.288656249999999,0.0
-0.033,-1.675,10.29,0.0
-0.0333125,-1.6760625,10.2911875,0.0
-0.033625,-1.677125,10.292375,0.0
-0.0339375,-1.6781875,10.293562499999998,0.0
-0.03425,-1.6792500000000001,10.294749999999999,0.0
-0.0345625,-1.6803125,10.295937499999999,0.0
-0.034875,-1.681375,10.297125,0.0
-0.035187500000000003,-1.6824375,10.2983125,0.0
-0.035500000000000004,-1.6835,10.299499999999998,0.0
-0.0358125,-1.6845625,10.300687499999999,0.0
-0.036125,-1.6856250000000002,10.301874999999999,0.0
-0.0364375,-1.6866875000000001,10.3030625,0.0
-0.03675,-1.68775,10.30425,0.0
-0.0370625,-1.6888125,10.3054375,0.0
-0.037375,-1.689875,10.306624999999999,0.0
-0.0376875,-1.6909375,10.307812499999999,0.0
-0.038,-1.6920000000000002,10.309,0.0
-0.0383125,-1.6930625000000001,10.3101875,0.0
-0.038625,-1.694125,10.311375,0.0
-0.0389375,-1.6951875,10.312562499999999,0.0
-0.03925,-1.69625,10.313749999999999,0.0
-0.0395625,-1.6973125,10.3149375,0.0
-0.039875,-1.698375,10.316125,0.0
-0.0401875,-1.6994375000000002,10.3173125,0.0
-0.040499999999999994,-1.7005000000000001,10.3185,0.0
-0.0408125,-1.7015625,10.319687499999999,0.0
-0.041124999999999995,-1.702625,10.320875,0.0
-0.041437499999999995,-1.7036875,10.3220625,0.0
-0.041749999999999995,-1.70475,10.32325,0.0
-0.042062499999999996,-1.7058125000000002,10.3244375,0.0
-0.042374999999999996,-1.7068750000000001,10.325624999999999,0.0
-0.042687499999999996,-1.7079375,10.326812499999999,0.0
-0.043,-1.709,10.328,0.0
-0.04321875,-1.7093125,10.32815625,0.0
-0.0434375,-1.7096250000000002,10.3283125,0.0
-0.043656249999999994,-1.7099375,10.328468749999999,0.0
-0.043875,-1.71025,10.328624999999999,0.0
-0.04409375,-1.7105625,10.328781249999999,0.0
-0.0443125,-1.7108750000000001,10.3289375,0.0
-0.044531249999999994,-1.7111875,10.32909375,0.0
-0.04475,-1.7115,10.32925,0.0
-0.04496875,-1.7118125000000002,10.32940625,0.0
-0.0451875,-1.7121250000000001,10.3295625,0.0
-0.045406249999999995,-1.7124375,10.32971875,0.0
-0.045625,-1.71275,10.329875,0.0
-0.04584375,-1.7130625000000002,10.33003125,0.0
-0.0460625,-1.713375,10.3301875,0.0
-0.046281249999999996,-1.7136875,10.330343749999999,0.0
-0.0465,-1.714,10.3305,0.0
-0.04671875,-1.7143125000000001,10.33065625,0.0
-0.0469375,-1.714625,10.3308125,0.0
-0.04715625,-1.7149375,10.33096875,0.0
-0.047375,-1.7152500000000002,10.331125,0.0
-0.047593750000000004,-1.7155625,10.33128125,0.0
-0.0478125,-1.715875,10.3314375,0.0
-0.04803125,-1.7161875,10.33159375,0.0
-0.04825,-1.7165000000000001,10.33175,0.0
-0.048468750000000005,-1.7168125,10.33190625,0.0
-0.0486875,-1.717125,10.3320625,0.0
-0.04890625,-1.7174375000000002,10.332218750000001,0.0
-0.049125,-1.71775,10.332375,0.0
-0.049343750000000006,-1.7180625,10.33253125,0.0
-0.0495625,-1.718375,10.3326875,0.0
-0.04978125,-1.7186875000000001,10.33284375,0.0
-0.05,-1.719,10.333,0.0
-0.04925,-1.71965625,10.33315625,0.0
-0.0485,-1.7203125000000001,10.3333125,0.0
-0.04775,-1.7209687500000002,10.33346875,0.0
-0.047,-1.721625,10.333625,0.0
-0.04625,-1.72228125,10.33378125,0.0
-0.0455,-1.7229375,10.3339375,0.0
-0.04475,-1.72359375,10.33409375,0.0
-0.044000000000000004,-1.72425,10.33425,0.0
-0.043250000000000004,-1.72490625,10.33440625,0.0
-0.0425,-1.7255625,10.3345625,0.0
-0.04175,-1.7262187500000001,10.33471875,0.0
-0.041,-1.7268750000000002,10.334875,0.0
-0.04025,-1.72753125,10.33503125,0.0
-0.0395,-1.7281875,10.3351875,0.0
-0.03875,-1.72884375,10.33534375,0.0
-0.038,-1.7295,10.3355,0.0
-0.03725,-1.73015625,10.33565625,0.0
-0.036500000000000005,-1.7308125,10.3358125,0.0
-0.035750000000000004,-1.7314687500000001,10.33596875,0.0
-0.035,-1.732125,10.336125,0.0
-0.03425,-1.73278125,10.336281249999999,0.0
-0.0335,-1.7334375,10.336437499999999,0.0
-0.03275,-1.73409375,10.336593749999999,0.0
-0.032,-1.73475,10.336749999999999,0.0
-0.03125,-1.73540625,10.33690625,0.0
-0.0305,-1.7360625,10.3370625,0.0
-0.02975,-1.73671875,10.33721875,0.0
-0.028999999999999998,-1.7373750000000001,10.337375,0.0
-0.02825,-1.73803125,10.33753125,0.0
-0.0275,-1.7386875,10.3376875,0.0
-0.02675,-1.73934375,10.33784375,0.0
-0.026,-1.74,10.338,0.0
-0.026375,-1.740375,10.337031249999999,0.0
-0.02675,-1.74075,10.336062499999999,0.0
-0.027125,-1.741125,10.335093749999999,0.0
-0.0275,-1.7415,10.334125,0.0
-0.027874999999999997,-1.741875,10.33315625,0.0
-0.028249999999999997,-1.74225,10.3321875,0.0
-0.028624999999999998,-1.742625,10.33121875,0.0
-0.028999999999999998,-1.7429999999999999,10.33025,0.0
-0.029375,-1.743375,10.32928125,0.0
-0.02975,-1.74375,10.3283125,0.0
-0.030125,-1.744125,10.327343749999999,0.0
-0.0305,-1.7445,10.326374999999999,0.0
-0.030875,-1.744875,10.32540625,0.0
-0.03125,-1.74525,10.3244375,0.0
-0.031625,-1.745625,10.32346875,0.0
-0.032,-1.746,10.3225,0.0
-0.032375,-1.746375,10.32153125,0.0
-0.03275,-1.74675,10.3205625,0.0
-0.033125,-1.747125,10.31959375,0.0
-0.0335,-1.7475,10.318625,0.0
-0.033875,-1.747875,10.31765625,0.0
-0.03425,-1.74825,10.3166875,0.0
-0.034625,-1.748625,10.31571875,0.0
-0.035,-1.749,10.31475,0.0
-0.035375,-1.749375,10.31378125,0.0
-0.03575,-1.74975,10.3128125,0.0
-0.036125,-1.750125,10.31184375,0.0
-0.0365,-1.7505,10.310875,0.0
-0.036875,-1.750875,10.309906250000001,0.0
-0.03725,-1.75125,10.3089375,0.0
-0.037625,-1.751625,10.30796875,0.0
-0.038,-1.752,10.307,0.0
-0.037625,-1.75209375,10.30721875,0.0
-0.03725,-1.7521875,10.3074375,0.0
-0.036875,-1.75228125,10.30765625,0.0
-0.0365,-1.752375,10.307875000000001,0.0
-0.036125,-1.75246875,10.308093750000001,0.0
-0.03575,-1.7525625,10.3083125,0.0
-0.035375,-1.75265625,10.30853125,0.0
-0.034999999999999996,-1.75275,10.30875,0.0
-0.034624999999999996,-1.75284375,10.30896875,0.0
-0.03425,-1.7529375,10.3091875,0.0
-0.033875,-1.75303125,10.30940625,0.0
-0.0335,-1.753125,10.309625,0.0
-0.033125,-1.75321875,10.30984375,0.0
-0.03275,-1.7533125,10.3100625,0.0
-0.032375,-1.75340625,10.310281250000001,0.0
-0.032,-1.7534999999999998,10.310500000000001,0.0
-0.031625,-1.7535937499999998,10.31071875,0.0
-0.03125,-1.7536874999999998,10.3109375,0.0
-0.030875,-1.7537812499999998,10.31115625,0.0
-0.0305,-1.7538749999999999,10.311375,0.0
-0.030125,-1.7539687499999999,10.31159375,0.0
-0.02975,-1.7540624999999999,10.3118125,0.0
-0.029375,-1.7541562499999999,10.31203125,0.0
-0.028999999999999998,-1.7542499999999999,10.31225,0.0
-0.028624999999999998,-1.7543437499999999,10.31246875,0.0
-0.028249999999999997,-1.7544374999999999,10.312687500000001,0.0
-0.027874999999999997,-1.7545312499999999,10.31290625,0.0
-0.027499999999999997,-1.7546249999999999,10.313125,0.0
-0.027124999999999996,-1.7547187499999999,10.31334375,0.0
-0.02675,-1.7548124999999999,10.3135625,0.0
-0.026375,-1.75490625,10.31378125,0.0
-0.026,-1.755,10.314,0.0
-0.0260625,-1.7547499999999998,10.31234375,0.0
-0.026125,-1.7545,10.3106875,0.0
-0.0261875,-1.7542499999999999,10.30903125,0.0
-0.02625,-1.754,10.307375,0.0
-0.0263125,-1.75375,10.30571875,0.0
-0.026375,-1.7534999999999998,10.3040625,0.0
-0.0264375,-1.75325,10.30240625,0.0
-0.0265,-1.753,10.30075,0.0
-0.0265625,-1.75275,10.299093749999999,0.0
-0.026625,-1.7525,10.2974375,0.0
-0.0266875,-1.7522499999999999,10.29578125,0.0
-0.02675,-1.752,10.294125,0.0
-0.0268125,-1.75175,10.29246875,0.0
-0.026875,-1.7515,10.2908125,0.0
-0.0269375,-1.75125,10.28915625,0.0
-0.027,-1.751,10.2875,0.0
-0.0270625,-1.75075,10.28584375,0.0
-0.027125,-1.7505,10.2841875,0.0
-0.0271875,-1.75025,10.28253125,0.0
-0.02725,-1.75,10.280875,0.0
-0.0273125,-1.7497500000000001,10.27921875,0.0
-0.027375,-1.7495,10.2775625,0.0
-0.0274375,-1.74925,10.27590625,0.0
-0.0275,-1.749,10.274249999999999,0.0
-0.0275625,-1.74875,10.272593749999999,0.0
-0.027625,-1.7485000000000002,10.270937499999999,0.0
-0.0276875,-1.74825,10.269281249999999,0.0
-0.02775,-1.748,10.267624999999999,0.0
-0.0278125,-1.7477500000000001,10.265968749999999,0.0
-0.027875,-1.7475,10.264312499999999,0.0
-0.0279375,-1.7472500000000002,10.26265625,0.0
-0.028,-1.747,10.261,0.0
-0.02859375,-1.7468750000000002,10.258531249999999,0.0
-0.0291875,-1.74675,10.256062499999999,0.0
-0.029781250000000002,-1.746625,10.253593749999999,0.0
-0.030375,-1.7465000000000002,10.251125,0.0
-0.03096875,-1.746375,10.24865625,0.0
-0.0315625,-1.74625,10.2461875,0.0
-0.03215625,-1.7461250000000001,10.24371875,0.0
-0.03275,-1.746,10.241249999999999,0.0
-0.03334375,-1.745875,10.238781249999999,0.0
-0.0339375,-1.7457500000000001,10.2363125,0.0
-0.03453125,-1.7456250000000002,10.23384375,0.0
-0.035125,-1.7455,10.231375,0.0
-0.03571875,-1.7453750000000001,10.22890625,0.0
-0.0363125,-1.7452500000000002,10.2264375,0.0
-0.03690625,-1.745125,10.22396875,0.0
-0.0375,-1.745,10.221499999999999,0.0
-0.03809375,-1.7448750000000002,10.21903125,0.0
-0.0386875,-1.74475,10.2165625,0.0
-0.039281250000000004,-1.744625,10.21409375,0.0
-0.039875,-1.7445000000000002,10.211625,0.0
-0.04046875,-1.744375,10.20915625,0.0
-0.0410625,-1.74425,10.2066875,0.0
-0.04165625,-1.7441250000000001,10.20421875,0.0
-0.042249999999999996,-1.7440000000000002,10.20175,0.0
-0.04284375,-1.743875,10.19928125,0.0
-0.043437500000000004,-1.7437500000000001,10.1968125,0.0
-0.04403125,-1.7436250000000002,10.19434375,0.0
-0.044625,-1.7435,10.191875,0.0
-0.04521875,-1.7433750000000001,10.189406250000001,0.0
-0.0458125,-1.7432500000000002,10.1869375,0.0
-0.046406249999999996,-1.743125,10.18446875,0.0
-0.047,-1.743,10.182,0.0
-0.047,-1.74321875,10.18103125,0.0
-0.047,-1.7434375000000002,10.1800625,0.0
-0.047,-1.7436562500000001,10.17909375,0.0
-0.047,-1.743875,10.178125,0.0
-0.047,-1.74409375,10.17715625,0.0
-0.047,-1.7443125000000002,10.176187500000001,0.0
-0.047,-1.74453125,10.17521875,0.0
-0.047,-1.74475,10.17425,0.0
-0.047,-1.7449687500000002,10.17328125,0.0
-0.047,-1.7451875000000001,10.1723125,0.0
-0.047,-1.74540625,10.17134375,0.0
-0.047,-1.745625,10.170375,0.0
-0.047,-1.7458437500000001,10.16940625,0.0
-0.047,-1.7460625,10.1684375,0.0
-0.047,-1.74628125,10.16746875,0.0
-0.047,-1.7465000000000002,10.1665,0.0
-0.047,-1.74671875,10.16553125,0.0
-0.047,-1.7469375,10.1645625,0.0
-0.047,-1.74715625,10.16359375,0.0
-0.047,-1.7473750000000001,10.162625,0.0
-0.047,-1.74759375,10.16165625,0.0
-0.047,-1.7478125,10.1606875,0.0
-0.047,-1.74803125,10.15971875,0.0
-0.047,-1.74825,10.15875,0.0
-0.047,-1.74846875,10.15778125,0.0
-0.047,-1.7486875,10.1568125,0.0
-0.047,-1.74890625,10.15584375,0.0
-0.047,-1.749125,10.154875,0.0
-0.047,-1.74934375,10.15390625,0.0
-0.047,-1.7495625,10.1529375,0.0
-0.047,-1.74978125,10.15196875,0.0
-0.047,-1.75,10.151,0.0
-0.04784375,-1.74946875,10.148625,0.0
-0.0486875,-1.7489375,10.14625,0.0
-0.04953125,-1.74840625,10.143875,0.0
-0.050375,-1.747875,10.1415,0.0
-0.05121875,-1.74734375,10.139125,0.0
-0.0520625,-1.7468125,10.13675,0.0
-0.05290625,-1.74628125,10.134375,0.0
-0.05375,-1.7457500000000001,10.132,0.0
-0.054593749999999996,-1.74521875,10.129624999999999,0.0
-0.0554375,-1.7446875,10.12725,0.0
-0.05628125,-1.74415625,10.124875,0.0
-0.057124999999999995,-1.743625,10.122499999999999,0.0
-0.05796875,-1.74309375,10.120125,0.0
-0.0588125,-1.7425625,10.11775,0.0
-0.059656249999999994,-1.7420312500000001,10.115375,0.0
-0.0605,-1.7415,10.113,0.0
-0.06134375,-1.74096875,10.110624999999999,0.0
-0.0621875,-1.7404375,10.10825,0.0
-0.06303125,-1.73990625,10.105875,0.0
-0.063875,-1.7393750000000001,10.1035,0.0
-0.06471874999999999,-1.73884375,10.101125,0.0
-0.0655625,-1.7383125000000001,10.098749999999999,0.0
-0.06640625,-1.73778125,10.096375,0.0
-0.06725,-1.73725,10.094,0.0
-0.06809375,-1.73671875,10.091624999999999,0.0
-0.0689375,-1.7361875,10.08925,0.0
-0.06978124999999999,-1.7356562500000001,10.086875,0.0
-0.070625,-1.735125,10.084499999999998,0.0
-0.07146875,-1.7345937500000002,10.082125,0.0
-0.0723125,-1.7340625,10.079749999999999,0.0
-0.07315624999999999,-1.7335312500000002,10.077375,0.0
-0.074,-1.733,10.075,0.0
-0.07415624999999999,-1.7333125,10.072156249999999,0.0
-0.0743125,-1.7336250000000002,10.069312499999999,0.0
-0.07446875,-1.7339375000000001,10.066468749999999,0.0
-0.074625,-1.73425,10.063625,0.0
-0.07478125,-1.7345625,10.06078125,0.0
-0.07493749999999999,-1.7348750000000002,10.0579375,0.0
-0.07509375,-1.7351875,10.05509375,0.0
-0.07525,-1.7355,10.052249999999999,0.0
-0.07540625,-1.7358125000000002,10.049406249999999,0.0
-0.0755625,-1.7361250000000001,10.0465625,0.0
-0.07571875,-1.7364375,10.04371875,0.0
-0.075875,-1.73675,10.040875,0.0
-0.07603125,-1.7370625000000002,10.03803125,0.0
-0.07618749999999999,-1.7373750000000001,10.0351875,0.0
-0.07634375,-1.7376875,10.032343749999999,0.0
-0.0765,-1.738,10.029499999999999,0.0
-0.07665625,-1.7383125000000001,10.02665625,0.0
-0.0768125,-1.738625,10.0238125,0.0
-0.07696875,-1.7389375,10.02096875,0.0
-0.077125,-1.7392500000000002,10.018125,0.0
-0.07728125,-1.7395625000000001,10.01528125,0.0
-0.07743749999999999,-1.739875,10.012437499999999,0.0
-0.07759375,-1.7401875,10.00959375,0.0
-0.07775,-1.7405000000000002,10.00675,0.0
-0.07790625,-1.7408125,10.00390625,0.0
-0.0780625,-1.741125,10.0010625,0.0
-0.07821875,-1.7414375000000002,9.99821875,0.0
-0.078375,-1.7417500000000001,9.995375,0.0
-0.07853125,-1.7420625,9.99253125,0.0
-0.0786875,-1.742375,9.9896875,0.0
-0.07884375,-1.7426875000000002,9.98684375,0.0
-0.079,-1.743,9.984,0.0
-0.07928125,-1.74275,9.98265625,0.0
-0.0795625,-1.7425000000000002,9.9813125,0.0
-0.07984375,-1.74225,9.97996875,0.0
-0.080125,-1.742,9.978625000000001,0.0
-0.08040625,-1.7417500000000001,9.97728125,0.0
-0.0806875,-1.7415,9.9759375,0.0
-0.08096875,-1.7412500000000002,9.97459375,0.0
-0.08125,-1.741,9.97325,0.0
-0.08153125,-1.74075,9.97190625,0.0
-0.0818125,-1.7405000000000002,9.9705625,0.0
-0.08209375,-1.74025,9.96921875,0.0
-0.082375,-1.7400000000000002,9.967875,0.0
-0.08265625,-1.7397500000000001,9.966531250000001,0.0
-0.0829375,-1.7395,9.9651875,0.0
-0.08321875,-1.7392500000000002,9.96384375,0.0
-0.08349999999999999,-1.739,9.9625,0.0
-0.08378125,-1.73875,9.96115625,0.0
-0.0840625,-1.7385000000000002,9.9598125,0.0
-0.08434375,-1.73825,9.95846875,0.0
-0.08462499999999999,-1.738,9.957125000000001,0.0
-0.08490625,-1.7377500000000001,9.955781250000001,0.0
-0.0851875,-1.7375,9.954437500000001,0.0
-0.08546875,-1.7372500000000002,9.95309375,0.0
-0.08574999999999999,-1.737,9.95175,0.0
-0.08603125,-1.73675,9.95040625,0.0
-0.0863125,-1.7365000000000002,9.9490625,0.0
-0.08659375,-1.73625,9.94771875,0.0
-0.086875,-1.7360000000000002,9.946375,0.0
-0.08715624999999999,-1.7357500000000001,9.945031250000001,0.0
-0.0874375,-1.7355,9.943687500000001,0.0
-0.08771875,-1.7352500000000002,9.942343750000001,0.0
-0.088,-1.735,9.941,0.0
-0.08943749999999999,-1.7364375,9.9369375,0.0
-0.090875,-1.737875,9.932875000000001,0.0
-0.09231249999999999,-1.7393125,9.928812500000001,0.0
-0.09375,-1.74075,9.924750000000001,0.0
-0.0951875,-1.7421875,9.920687500000001,0.0
-0.096625,-1.743625,9.916625,0.0
-0.0980625,-1.7450625,9.9125625,0.0
-0.0995,-1.7465000000000002,9.9085,0.0
-0.1009375,-1.7479375000000001,9.9044375,0.0
-0.102375,-1.7493750000000001,9.900375,0.0
-0.1038125,-1.7508125,9.8963125,0.0
-0.10525,-1.75225,9.89225,0.0
-0.1066875,-1.7536875,9.8881875,0.0
-0.108125,-1.755125,9.884125000000001,0.0
-0.10956250000000001,-1.7565625,9.880062500000001,0.0
-0.111,-1.758,9.876000000000001,0.0
-0.1124375,-1.7594375,9.8719375,0.0
-0.113875,-1.760875,9.867875,0.0
-0.1153125,-1.7623125,9.8638125,0.0
-0.11675,-1.76375,9.85975,0.0
-0.1181875,-1.7651875,9.8556875,0.0
-0.11962500000000001,-1.766625,9.851625,0.0
-0.1210625,-1.7680624999999999,9.8475625,0.0
-0.1225,-1.7694999999999999,9.8435,0.0
-0.1239375,-1.7709375,9.8394375,0.0
-0.12537500000000001,-1.772375,9.835375,0.0
-0.1268125,-1.7738125,9.8313125,0.0
-0.12825,-1.77525,9.82725,0.0
-0.1296875,-1.7766875,9.8231875,0.0
-0.131125,-1.778125,9.819125,0.0
-0.1325625,-1.7795625,9.8150625,0.0
-0.134,-1.781,9.811,0.0
-0.134,-1.781,9.811,0.0
-0.134,-1.781,9.811,0.0
-0.134,-1.781,9.811,0.0
-0.134,-1.781,9.811,0.0
-0.134,-1.781,9.811,0.0
-0.134,-1.781,9.811,0.0
-0.134,-1.781,9.811,0.0
-0.134,-1.781,9.811,0.0
-0.134,-1.781,9.811,0.0
-0.134,-1.781,9.811,0.0
-0.134,-1.781,9.811,0.0
-0.134,-1.781,9.811,0.0
-0.134,-1.781,9.811,0.0
-0.134,-1.781,9.811,0.0
-0.134,-1.781,9.811,0.0
-0.134,-1.781,9.811,0.0
-0.134,-1.781,9.811,0.0
-0.134,-1.781,9.811,0.0
-0.134,-1.781,9.811,0.0
-0.134,-1.781,9.811,0.0
-0.134,-1.781,9.811,0.0
-0.134,-1.781,9.811,0.0
-0.134,-1.781,9.811,0.0
-0.134,-1.781,9.811,0.0
-0.134,-1.781,9.811,0.0
-0.134,-1.781,9.811,0.0
-0.134,-1.781,9.811,0.0
-0.134,-1.781,9.811,0.0
-0.134,-1.781,9.811,0.0
-0.134,-1.781,9.811,0.0
-0.134,-1.781,9.811,0.0
-0.134,-1.781,9.811,0.0
-0.13375,-1.7812187499999999,9.809125,0.0
-0.1335,-1.7814375,9.80725,0.0
-0.13325,-1.78165625,9.805375,0.0
-0.133,-1.7818749999999999,9.8035,0.0
-0.13275,-1.78209375,9.801625,0.0
-0.1325,-1.7823125,9.79975,0.0
-0.13225,-1.78253125,9.797875,0.0
-0.132,-1.78275,9.796,0.0
-0.13175,-1.78296875,9.794125,0.0
-0.1315,-1.7831875,9.79225,0.0
-0.13125,-1.7834062499999999,9.790375,0.0
-0.131,-1.783625,9.788499999999999,0.0
-0.13075,-1.78384375,9.786624999999999,0.0
-0.1305,-1.7840624999999999,9.784749999999999,0.0
-0.13025,-1.78428125,9.782874999999999,0.0
-0.13,-1.7845,9.780999999999999,0.0
-0.12975,-1.78471875,9.779125,0.0
-0.1295,-1.7849375,9.77725,0.0
-0.12925,-1.78515625,9.775375,0.0
-0.129,-1.785375,9.7735,0.0
-0.12875,-1.78559375,9.771625,0.0
-0.1285,-1.7858125,9.76975,0.0
-0.12825,-1.78603125,9.767875,0.0
-0.128,-1.78625,9.766,0.0
-0.12775,-1.78646875,9.764125,0.0
-0.1275,-1.7866875,9.76225,0.0
-0.12725,-1.78690625,9.760375,0.0
-0.127,-1.787125,9.7585,0.0
-0.12675,-1.78734375,9.756625,0.0
-0.1265,-1.7875625,9.75475,0.0
-0.12625,-1.78778125,9.752875,0.0
-0.126,-1.788,9.751,0.0
-0.12609375,-1.78859375,9.74853125,0.0
-0.1261875,-1.7891875,9.746062499999999,0.0
-0.12628125,-1.78978125,9.743593749999999,0.0
-0.12637500000000002,-1.790375,9.741125,0.0
-0.12646875,-1.79096875,9.73865625,0.0
-0.1265625,-1.7915625,9.7361875,0.0
-0.12665625,-1.7921562500000001,9.73371875,0.0
-0.12675,-1.79275,9.73125,0.0
-0.12684375,-1.79334375,9.728781249999999,0.0
-0.1269375,-1.7939375,9.7263125,0.0
-0.12703125,-1.79453125,9.72384375,0.0
-0.127125,-1.795125,9.721375,0.0
-0.12721875,-1.79571875,9.71890625,0.0
-0.1273125,-1.7963125,9.7164375,0.0
-0.12740625,-1.79690625,9.71396875,0.0
-0.1275,-1.7974999999999999,9.711500000000001,0.0
-0.12759375,-1.79809375,9.70903125,0.0
-0.1276875,-1.7986875,9.7065625,0.0
-0.12778125,-1.79928125,9.70409375,0.0
-0.12787500000000002,-1.799875,9.701625,0.0
-0.12796875,-1.80046875,9.69915625,0.0
-0.1280625,-1.8010625,9.6966875,0.0
-0.12815625,-1.80165625,9.694218750000001,0.0
-0.12825,-1.80225,9.69175,0.0
-0.12834375,-1.8028437499999999,9.68928125,0.0
-0.1284375,-1.8034375,9.6868125,0.0
-0.12853125,-1.80403125,9.68434375,0.0
-0.128625,-1.804625,9.681875,0.0
-0.12871875,-1.8052187499999999,9.679406250000001,0.0
-0.1288125,-1.8058125,9.676937500000001,0.0
-0.12890625,-1.80640625,9.67446875,0.0
-0.129,-1.807,9.672,0.0
-0.12803125,-1.80775,9.66915625,0.0
-0.1270625,-1.8085,9.6663125,0.0
-0.12609375,-1.80925,9.66346875,0.0
-0.12512500000000001,-1.81,9.660625,0.0
-0.12415625000000001,-1.8107499999999999,9.657781250000001,0.0
-0.1231875,-1.8114999999999999,9.6549375,0.0
-0.12221875,-1.81225,9.65209375,0.0
-0.12125,-1.813,9.64925,0.0
-0.12028125,-1.81375,9.64640625,0.0
-0.1193125,-1.8145,9.6435625,0.0
-0.11834375,-1.81525,9.64071875,0.0
-0.11737500000000001,-1.8159999999999998,9.637875000000001,0.0
-0.11640625,-1.8167499999999999,9.63503125,0.0
-0.1154375,-1.8175,9.6321875,0.0
-0.11446875000000001,-1.81825,9.62934375,0.0
-0.1135,-1.819,9.6265,0.0
-0.11253125,-1.81975,9.62365625,0.0
-0.11156250000000001,-1.8205,9.6208125,0.0
-0.11059375,-1.82125,9.61796875,0.0
-0.109625,-1.822,9.615124999999999,0.0
-0.10865625000000001,-1.8227499999999999,9.61228125,0.0
-0.1076875,-1.8235,9.6094375,0.0
-0.10671875,-1.82425,9.60659375,0.0
-0.10575000000000001,-1.825,9.60375,0.0
-0.10478125,-1.82575,9.60090625,0.0
-0.1038125,-1.8265,9.5980625,0.0
-0.10284375000000001,-1.82725,9.595218749999999,0.0
-0.10187500000000001,-1.8279999999999998,9.592375,0.0
-0.10090625,-1.8287499999999999,9.58953125,0.0
-0.09993750000000001,-1.8295,9.5866875,0.0
-0.09896875000000001,-1.83025,9.58384375,0.0
-0.098,-1.831,9.581,0.0
-0.09775,-1.83071875,9.579749999999999,0.0
-0.0975,-1.8304375,9.5785,0.0
-0.09725,-1.83015625,9.57725,0.0
-0.097,-1.829875,9.576,0.0
-0.09675,-1.82959375,9.57475,0.0
-0.0965,-1.8293125,9.5735,0.0
-0.09625,-1.8290312499999999,9.57225,0.0
-0.096,-1.8287499999999999,9.571,0.0
-0.09575,-1.82846875,9.569749999999999,0.0
-0.0955,-1.8281875,9.5685,0.0
-0.09525,-1.82790625,9.56725,0.0
-0.095,-1.827625,9.565999999999999,0.0
-0.09475,-1.82734375,9.56475,0.0
-0.0945,-1.8270625,9.5635,0.0
-0.09425,-1.82678125,9.56225,0.0
-0.094,-1.8265,9.561,0.0
-0.09375,-1.82621875,9.55975,0.0
-0.0935,-1.8259375,9.5585,0.0
-0.09325,-1.82565625,9.55725,0.0
-0.093,-1.825375,9.556000000000001,0.0
-0.09275,-1.82509375,9.55475,0.0
-0.0925,-1.8248125,9.5535,0.0
-0.09225,-1.82453125,9.55225,0.0
-0.092,-1.8242500000000001,9.551,0.0
-0.09175,-1.8239687500000001,9.54975,0.0
-0.0915,-1.8236875000000001,9.5485,0.0
-0.09125,-1.8234062500000001,9.54725,0.0
-0.091,-1.823125,9.546,0.0
-0.09075,-1.82284375,9.54475,0.0
-0.0905,-1.8225625,9.5435,0.0
-0.09025,-1.82228125,9.542250000000001,0.0
-0.09,-1.822,9.541,0.0
-0.08853124999999999,-1.8216875000000001,9.53978125,0.0
-0.0870625,-1.821375,9.538562500000001,0.0
-0.08559375,-1.8210625,9.53734375,0.0
-0.08412499999999999,-1.82075,9.536125,0.0
-0.08265625,-1.8204375000000002,9.53490625,0.0
-0.0811875,-1.820125,9.533687500000001,0.0
-0.07971874999999999,-1.8198125,9.53246875,0.0
-0.07825,-1.8195000000000001,9.53125,0.0
-0.07678125,-1.8191875,9.53003125,0.0
-0.0753125,-1.818875,9.5288125,0.0
-0.07384375,-1.8185625,9.527593750000001,0.0
-0.072375,-1.8182500000000001,9.526375,0.0
-0.07090625,-1.8179375,9.52515625,0.0
-0.0694375,-1.817625,9.5239375,0.0
-0.06796875,-1.8173125,9.522718750000001,0.0
-0.0665,-1.8170000000000002,9.5215,0.0
-0.06503125,-1.8166875,9.52028125,0.0
-0.0635625,-1.816375,9.5190625,0.0
-0.062093749999999996,-1.8160625000000001,9.51784375,0.0
-0.060625,-1.81575,9.516625000000001,0.0
-0.059156249999999994,-1.8154375,9.51540625,0.0
-0.057687499999999996,-1.815125,9.5141875,0.0
-0.05621875,-1.8148125000000002,9.51296875,0.0
-0.05474999999999999,-1.8145,9.511750000000001,0.0
-0.053281249999999995,-1.8141875,9.510531250000001,0.0
-0.0518125,-1.8138750000000001,9.5093125,0.0
-0.05034375,-1.8135625,9.50809375,0.0
-0.048874999999999995,-1.81325,9.506875,0.0
-0.04740625,-1.8129375,9.505656250000001,0.0
-0.0459375,-1.8126250000000002,9.5044375,0.0
-0.044468749999999994,-1.8123125,9.50321875,0.0
-0.043,-1.812,9.502,0.0
-0.041999999999999996,-1.811625,9.50125,0.0
-0.040999999999999995,-1.81125,9.5005,0.0
-0.039999999999999994,-1.810875,9.49975,0.0
-0.03899999999999999,-1.8105,9.499,0.0
-0.038,-1.810125,9.49825,0.0
-0.037,-1.80975,9.4975,0.0
-0.036,-1.809375,9.49675,0.0
-0.034999999999999996,-1.8090000000000002,9.496,0.0
-0.033999999999999996,-1.8086250000000001,9.49525,0.0
-0.032999999999999995,-1.8082500000000001,9.4945,0.0
-0.032,-1.8078750000000001,9.49375,0.0
-0.030999999999999996,-1.8075,9.493,0.0
-0.029999999999999995,-1.807125,9.49225,0.0
-0.028999999999999998,-1.80675,9.4915,0.0
-0.027999999999999997,-1.806375,9.49075,0.0
-0.026999999999999996,-1.806,9.49,0.0
-0.025999999999999995,-1.805625,9.48925,0.0
-0.024999999999999994,-1.80525,9.4885,0.0
-0.023999999999999997,-1.804875,9.48775,0.0
-0.022999999999999996,-1.8045,9.487,0.0
-0.021999999999999995,-1.804125,9.48625,0.0
-0.020999999999999998,-1.80375,9.4855,0.0
-0.019999999999999997,-1.803375,9.48475,0.0
-0.018999999999999996,-1.803,9.484,0.0
-0.017999999999999995,-1.8026250000000001,9.48325,0.0
-0.016999999999999994,-1.8022500000000001,9.4825,0.0
-0.015999999999999997,-1.8018750000000001,9.48175,0.0
-0.014999999999999996,-1.8015,9.481,0.0
-0.013999999999999995,-1.801125,9.48025,0.0
-0.012999999999999998,-1.80075,9.4795,0.0
-0.011999999999999997,-1.800375,9.47875,0.0
-0.011,-1.8,9.478,0.0
-0.010531249999999999,-1.799625,9.47815625,0.0
-0.010062499999999999,-1.79925,9.4783125,0.0
-0.00959375,-1.798875,9.47846875,0.0
-0.009125,-1.7985,9.478625,0.0
-0.008656249999999999,-1.798125,9.478781249999999,0.0
-0.0081875,-1.79775,9.4789375,0.0
-0.00771875,-1.797375,9.47909375,0.0
-0.0072499999999999995,-1.7970000000000002,9.47925,0.0
-0.006781249999999999,-1.7966250000000001,9.47940625,0.0
-0.0063124999999999995,-1.7962500000000001,9.4795625,0.0
-0.00584375,-1.795875,9.47971875,0.0
-0.005375,-1.7955,9.479875,0.0
-0.004906249999999999,-1.795125,9.48003125,0.0
-0.0044375,-1.79475,9.4801875,0.0
-0.00396875,-1.794375,9.48034375,0.0
-0.0034999999999999996,-1.794,9.4805,0.0
-0.0030312499999999992,-1.793625,9.480656250000001,0.0
-0.002562499999999999,-1.79325,9.4808125,0.0
-0.00209375,-1.792875,9.48096875,0.0
-0.0016249999999999997,-1.7925,9.481125,0.0
-0.0011562499999999993,-1.792125,9.48128125,0.0
-0.0006875000000000006,-1.79175,9.4814375,0.0
-0.0002187500000000002,-1.791375,9.48159375,0.0
0.0002500000000000002,-1.791,9.48175,0.0
0.0007187500000000006,-1.7906250000000001,9.48190625,0.0
0.001187500000000001,-1.7902500000000001,9.4820625,0.0
0.0016562499999999997,-1.789875,9.482218750000001,0.0
0.002125,-1.7895,9.482375000000001,0.0
0.0025937500000000006,-1.789125,9.482531250000001,0.0
0.0030624999999999993,-1.78875,9.4826875,0.0
0.0035312499999999997,-1.788375,9.48284375,0.0
0.004,-1.788,9.483,0.0
0.00571875,-1.786875,9.482625,0.0
0.0074375,-1.78575,9.48225,0.0
0.00915625,-1.7846250000000001,9.481875,0.0
0.010875,-1.7835,9.4815,0.0
0.012593749999999999,-1.782375,9.481125,0.0
0.014312499999999999,-1.78125,9.48075,0.0
0.016031249999999997,-1.780125,9.480375,0.0
0.01775,-1.779,9.48,0.0
0.01946875,-1.777875,9.479625,0.0
0.021187499999999998,-1.77675,9.47925,0.0
0.02290625,-1.775625,9.478875,0.0
0.024624999999999998,-1.7745,9.4785,0.0
0.026343749999999996,-1.773375,9.478125,0.0
0.028062499999999997,-1.77225,9.47775,0.0
0.02978125,-1.771125,9.477375,0.0
0.0315,-1.77,9.477,0.0
0.03321874999999999,-1.768875,9.476625,0.0
0.034937499999999996,-1.76775,9.47625,0.0
0.03665625,-1.7666250000000001,9.475875,0.0
0.03837499999999999,-1.7655,9.4755,0.0
0.04009375,-1.764375,9.475125,0.0
0.0418125,-1.76325,9.47475,0.0
0.043531249999999994,-1.762125,9.474375,0.0
0.04525,-1.7610000000000001,9.474,0.0
0.04696874999999999,-1.759875,9.473625,0.0
0.048687499999999995,-1.75875,9.47325,0.0
0.05040625,-1.757625,9.472875,0.0
0.05212499999999999,-1.7565,9.4725,0.0
0.053843749999999996,-1.755375,9.472125,0.0
0.0555625,-1.75425,9.47175,0.0
0.05728124999999999,-1.753125,9.471375,0.0
0.059,-1.752,9.471,0.0
0.060343749999999995,-1.75109375,9.47121875,0.0
0.0616875,-1.7501875,9.4714375,0.0
0.06303125,-1.7492812500000001,9.47165625,0.0
0.064375,-1.748375,9.471875,0.0
0.06571874999999999,-1.74746875,9.47209375,0.0
0.0670625,-1.7465625,9.4723125,0.0
0.06840625,-1.7456562500000001,9.47253125,0.0
0.06974999999999999,-1.74475,9.47275,0.0
0.07109375,-1.74384375,9.47296875,0.0
0.07243749999999999,-1.7429375,9.4731875,0.0
0.07378124999999999,-1.7420312500000001,9.47340625,0.0
0.075125,-1.741125,9.473625,0.0
0.07646875,-1.74021875,9.47384375,0.0
0.07781249999999999,-1.7393125,9.4740625,0.0
0.07915625,-1.7384062500000002,9.47428125,0.0
0.08049999999999999,-1.7375,9.474499999999999,0.0
0.08184374999999999,-1.73659375,9.47471875,0.0
0.0831875,-1.7356875,9.4749375,0.0
0.08453125,-1.7347812500000002,9.47515625,0.0
0.08587499999999999,-1.733875,9.475375,0.0
0.08721875,-1.73296875,9.47559375,0.0
0.08856249999999999,-1.7320625,9.4758125,0.0
0.08990625,-1.7311562500000002,9.47603125,0.0
0.09125,-1.73025,9.47625,0.0
0.09259375,-1.72934375,9.47646875,0.0
0.0939375,-1.7284375,9.4766875,0.0
0.09528124999999998,-1.7275312500000002,9.476906249999999,0.0
0.09662499999999999,-1.726625,9.477125,0.0
0.09796875,-1.72571875,9.47734375,0.0
0.0993125,-1.7248125,9.4775625,0.0
0.10065625,-1.7239062500000002,9.47778125,0.0
0.102,-1.723,9.478,0.0
0.10418749999999999,-1.72196875,9.4783125,0.0
0.106375,-1.7209375,9.478625,0.0
0.10856249999999999,-1.71990625,9.478937499999999,0.0
0.11074999999999999,-1.7188750000000002,9.47925,0.0
0.1129375,-1.7178437500000001,9.4795625,0.0
0.11512499999999999,-1.7168125,9.479875,0.0
0.11731249999999999,-1.71578125,9.4801875,0.0
0.1195,-1.71475,9.4805,0.0
0.12168749999999999,-1.71371875,9.480812499999999,0.0
0.12387499999999999,-1.7126875000000001,9.481125,0.0
0.1260625,-1.71165625,9.4814375,0.0
0.12824999999999998,-1.710625,9.48175,0.0
0.13043749999999998,-1.70959375,9.4820625,0.0
0.132625,-1.7085625,9.482375,0.0
0.1348125,-1.70753125,9.482687499999999,0.0
0.13699999999999998,-1.7065000000000001,9.483,0.0
0.1391875,-1.70546875,9.4833125,0.0
0.14137499999999997,-1.7044375,9.483625,0.0
0.14356249999999998,-1.70340625,9.4839375,0.0
0.14575,-1.702375,9.48425,0.0
0.1479375,-1.70134375,9.4845625,0.0
0.15012499999999998,-1.7003125,9.484874999999999,0.0
0.1523125,-1.69928125,9.4851875,0.0
0.15449999999999997,-1.69825,9.4855,0.0
0.15668749999999998,-1.69721875,9.4858125,0.0
0.158875,-1.6961875,9.486125,0.0
0.1610625,-1.69515625,9.4864375,0.0
0.16324999999999998,-1.6941249999999999,9.486749999999999,0.0
0.1654375,-1.69309375,9.4870625,0.0
0.16762499999999997,-1.6920625,9.487375,0.0
0.16981249999999998,-1.69103125,9.4876875,0.0
0.172,-1.69,9.488,0.0
0.17312499999999997,-1.6893125,9.4883125,0.0
0.17425,-1.688625,9.488624999999999,0.0
0.17537499999999998,-1.6879374999999999,9.488937499999999,0.0
0.1765,-1.68725,9.48925,0.0
0.17762499999999998,-1.6865625,9.4895625,0.0
0.17875,-1.685875,9.489875,0.0
0.17987499999999998,-1.6851874999999998,9.4901875,0.0
0.181,-1.6844999999999999,9.490499999999999,0.0
0.18212499999999998,-1.6838125,9.490812499999999,0.0
0.18325,-1.683125,9.491125,0.0
0.18437499999999998,-1.6824375,9.4914375,0.0
0.1855,-1.6817499999999999,9.49175,0.0
0.18662499999999999,-1.6810625,9.4920625,0.0
0.18774999999999997,-1.680375,9.492375,0.0
0.188875,-1.6796875,9.492687499999999,0.0
0.19,-1.6789999999999998,9.492999999999999,0.0
0.191125,-1.6783124999999999,9.4933125,0.0
0.19224999999999998,-1.677625,9.493625,0.0
0.193375,-1.6769375,9.4939375,0.0
0.19449999999999998,-1.67625,9.49425,0.0
0.195625,-1.6755624999999998,9.494562499999999,0.0
0.19674999999999998,-1.674875,9.494874999999999,0.0
0.197875,-1.6741875,9.4951875,0.0
0.19899999999999998,-1.6735,9.4955,0.0
0.200125,-1.6728125,9.4958125,0.0
0.20124999999999998,-1.6721249999999999,9.496125,0.0
0.202375,-1.6714375,9.496437499999999,0.0
0.2035,-1.67075,9.496749999999999,0.0
0.204625,-1.6700625,9.4970625,0.0
0.20575,-1.6693749999999998,9.497375,0.0
0.20687499999999998,-1.6686874999999999,9.4976875,0.0
0.208,-1.668,9.498,0.0
0.2091875,-1.66725,9.49865625,0.0
0.21037499999999998,-1.6664999999999999,9.499312499999998,0.0
0.2115625,-1.6657499999999998,9.499968749999999,0.0
0.21275,-1.665,9.500625,0.0
0.2139375,-1.66425,9.50128125,0.0
0.21512499999999998,-1.6635,9.5019375,0.0
0.2163125,-1.66275,9.502593749999999,0.0
0.2175,-1.662,9.50325,0.0
0.21868749999999998,-1.66125,9.50390625,0.0
0.219875,-1.6604999999999999,9.504562499999999,0.0
0.2210625,-1.6597499999999998,9.50521875,0.0
0.22225,-1.6589999999999998,9.505875,0.0
0.22343749999999998,-1.65825,9.50653125,0.0
0.224625,-1.6575,9.5071875,0.0
0.2258125,-1.65675,9.50784375,0.0
0.22699999999999998,-1.656,9.5085,0.0
0.2281875,-1.6552499999999999,9.50915625,0.0
0.229375,-1.6544999999999999,9.509812499999999,0.0
0.2305625,-1.6537499999999998,9.51046875,0.0
0.23174999999999998,-1.653,9.511125,0.0
0.2329375,-1.65225,9.51178125,0.0
0.234125,-1.6515,9.5124375,0.0
0.23531249999999998,-1.65075,9.51309375,0.0
0.2365,-1.65,9.51375,0.0
0.2376875,-1.6492499999999999,9.51440625,0.0
0.238875,-1.6484999999999999,9.515062499999999,0.0
0.2400625,-1.6477499999999998,9.51571875,0.0
0.24125,-1.6469999999999998,9.516375,0.0
0.2424375,-1.64625,9.51703125,0.0
0.24362499999999998,-1.6455,9.517687500000001,0.0
0.2448125,-1.64475,9.51834375,0.0
0.246,-1.644,9.519,0.0
0.24675,-1.6432499999999999,9.51871875,0.0
0.2475,-1.6424999999999998,9.518437500000001,0.0
0.24825,-1.6417499999999998,9.51815625,0.0
0.249,-1.641,9.517875,0.0
0.24975,-1.64025,9.51759375,0.0
0.2505,-1.6395,9.5173125,0.0
0.25125,-1.63875,9.51703125,0.0
0.252,-1.638,9.51675,0.0
0.25275000000000003,-1.6372499999999999,9.51646875,0.0
0.2535,-1.6365,9.516187500000001,0.0
0.25425,-1.63575,9.51590625,0.0
0.255,-1.635,9.515625,0.0
0.25575000000000003,-1.63425,9.51534375,0.0
0.2565,-1.6335,9.515062499999999,0.0
0.25725,-1.63275,9.51478125,0.0
0.258,-1.6320000000000001,9.5145,0.0
0.25875000000000004,-1.63125,9.51421875,0.0
0.2595,-1.6305,9.5139375,0.0
0.26025,-1.62975,9.51365625,0.0
0.261,-1.629,9.513375,0.0
0.26175000000000004,-1.62825,9.51309375,0.0
0.2625,-1.6275,9.512812499999999,0.0
0.26325,-1.6267500000000001,9.51253125,0.0
0.264,-1.6260000000000001,9.51225,0.0
0.26475000000000004,-1.62525,9.51196875,0.0
0.2655,-1.6245,9.5116875,0.0
0.26625,-1.62375,9.51140625,0.0
0.267,-1.623,9.511125,0.0
0.26775000000000004,-1.6222500000000002,9.51084375,0.0
0.2685,-1.6215000000000002,9.510562499999999,0.0
0.26925,-1.6207500000000001,9.51028125,0.0
0.27,-1.62,9.51,0.0
0.27075,-1.6195000000000002,9.5105,0.0
0.2715,-1.6190000000000002,9.511,0.0
0.27225,-1.6185,9.5115,0.0
0.273,-1.618,9.512,0.0
0.27375,-1.6175000000000002,9.5125,0.0
0.2745,-1.617,9.513,0.0
0.27525,-1.6165,9.5135,0.0
0.276,-1.616,9.514,0.0
0.27675,-1.6155000000000002,9.5145,0.0
0.2775,-1.6150000000000002,9.515,0.0
0.27825,-1.6145,9.5155,0.0
0.279,-1.614,9.516,0.0
0.27975,-1.6135000000000002,9.5165,0.0
0.2805,-1.613,9.517,0.0
0.28125,-1.6125,9.5175,0.0
0.28200000000000003,-1.612,9.518,0.0
0.28275,-1.6115000000000002,9.5185,0.0
0.2835,-1.6110000000000002,9.519,0.0
0.28425,-1.6105,9.519499999999999,0.0
0.285,-1.61,9.52,0.0
0.28575,-1.6095000000000002,9.5205,0.0
0.2865,-1.609,9.520999999999999,0.0
0.28725,-1.6085,9.5215,0.0
0.288,-1.608,9.522,0.0
0.28875,-1.6075000000000002,9.522499999999999,0.0
0.2895,-1.6070000000000002,9.523,0.0
0.29025,-1.6065,9.5235,0.0
0.291,-1.606,9.524,0.0
0.29175,-1.6055000000000001,9.5245,0.0
0.2925,-1.605,9.525,0.0
0.29325,-1.6045,9.5255,0.0
0.294,-1.604,9.526,0.0
0.29346875,-1.6046562500000001,9.52615625,0.0
0.29293749999999996,-1.6053125000000001,9.5263125,0.0
0.29240625,-1.6059687500000002,9.52646875,0.0
0.291875,-1.6066250000000002,9.526625,0.0
0.29134375,-1.60728125,9.526781249999999,0.0
0.2908125,-1.6079375,9.5269375,0.0
0.29028125,-1.60859375,9.52709375,0.0
0.28975,-1.60925,9.52725,0.0
0.28921874999999997,-1.60990625,9.52740625,0.0
0.2886875,-1.6105625000000001,9.5275625,0.0
0.28815625,-1.6112187500000001,9.52771875,0.0
0.287625,-1.611875,9.527875,0.0
0.28709375,-1.61253125,9.52803125,0.0
0.2865625,-1.6131875,9.5281875,0.0
0.28603125,-1.61384375,9.52834375,0.0
0.2855,-1.6145,9.528500000000001,0.0
0.28496875,-1.61515625,9.528656250000001,0.0
0.2844375,-1.6158125,9.5288125,0.0
0.28390625,-1.6164687500000001,9.52896875,0.0
0.283375,-1.6171250000000001,9.529125,0.0
0.28284375,-1.61778125,9.52928125,0.0
0.2823125,-1.6184375,9.5294375,0.0
0.28178125000000004,-1.61909375,9.52959375,0.0
0.28125,-1.61975,9.52975,0.0
0.28071875,-1.62040625,9.52990625,0.0
0.28018750000000003,-1.6210625,9.5300625,0.0
0.27965625,-1.62171875,9.530218750000001,0.0
0.279125,-1.622375,9.530375000000001,0.0
0.27859375000000003,-1.62303125,9.530531250000001,0.0
0.27806250000000005,-1.6236875,9.5306875,0.0
0.27753125,-1.62434375,9.53084375,0.0
0.277,-1.625,9.531,0.0
0.27709375,-1.62484375,9.5316875,0.0
0.27718750000000003,-1.6246875,9.532375,0.0
0.27728125000000003,-1.62453125,9.5330625,0.0
0.27737500000000004,-1.6243750000000001,9.533750000000001,0.0
0.27746875000000004,-1.62421875,9.534437500000001,0.0
0.27756250000000005,-1.6240625,9.535125,0.0
0.27765625000000005,-1.62390625,9.5358125,0.0
0.27775000000000005,-1.62375,9.5365,0.0
0.27784375,-1.62359375,9.5371875,0.0
0.2779375,-1.6234375,9.537875000000001,0.0
0.27803125,-1.62328125,9.538562500000001,0.0
0.278125,-1.623125,9.539250000000001,0.0
0.27821875,-1.62296875,9.5399375,0.0
0.2783125,-1.6228125,9.540625,0.0
0.27840625,-1.6226562500000001,9.5413125,0.0
0.2785,-1.6225,9.542000000000002,0.0
0.27859375000000003,-1.62234375,9.542687500000001,0.0
0.27868750000000003,-1.6221875000000001,9.543375000000001,0.0
0.27878125000000004,-1.62203125,9.5440625,0.0
0.27887500000000004,-1.6218750000000002,9.54475,0.0
0.27896875000000004,-1.62171875,9.5454375,0.0
0.27906250000000005,-1.6215625,9.546125,0.0
0.27915625000000005,-1.6214062500000002,9.546812500000001,0.0
0.27925,-1.62125,9.547500000000001,0.0
0.27934375,-1.62109375,9.548187500000001,0.0
0.2794375,-1.6209375000000001,9.548875,0.0
0.27953125,-1.62078125,9.5495625,0.0
0.279625,-1.620625,9.55025,0.0
0.27971875,-1.6204687500000001,9.550937500000002,0.0
0.2798125,-1.6203125,9.551625000000001,0.0
0.27990625,-1.6201562500000002,9.552312500000001,0.0
0.28,-1.62,9.553,0.0
0.27968750000000003,-1.6204687500000001,9.553,0.0
0.27937500000000004,-1.6209375000000001,9.553,0.0
0.27906250000000005,-1.6214062500000002,9.553,0.0
0.27875000000000005,-1.6218750000000002,9.553,0.0
0.2784375,-1.6223437500000002,9.553,0.0
0.278125,-1.6228125,9.553,0.0
0.2778125,-1.62328125,9.553,0.0
0.2775,-1.62375,9.553,0.0
0.27718750000000003,-1.62421875,9.553,0.0
0.27687500000000004,-1.6246875,9.553,0.0
0.27656250000000004,-1.62515625,9.553,0.0
0.27625,-1.625625,9.553,0.0
0.2759375,-1.6260937500000001,9.553,0.0
0.275625,-1.6265625000000001,9.553,0.0
0.2753125,-1.6270312500000002,9.553,0.0
0.275,-1.6275,9.553,0.0
0.27468750000000003,-1.62796875,9.553,0.0
0.27437500000000004,-1.6284375,9.553,0.0
0.27406250000000004,-1.62890625,9.553,0.0
0.27375000000000005,-1.629375,9.553,0.0
0.2734375,-1.62984375,9.553,0.0
0.273125,-1.6303125,9.553,0.0
0.2728125,-1.63078125,9.553,0.0
0.2725,-1.63125,9.553,0.0
0.2721875,-1.63171875,9.553,0.0
0.27187500000000003,-1.6321875000000001,9.553,0.0
0.27156250000000004,-1.63265625,9.553,0.0
0.27125,-1.633125,9.553,0.0
0.2709375,-1.63359375,9.553,0.0
0.270625,-1.6340625,9.553,0.0
0.2703125,-1.63453125,9.553,0.0
0.27,-1.635,9.553,0.0
0.27,-1.6365,9.553437500000001,0.0
0.27,-1.638,9.553875000000001,0.0
0.27,-1.6395,9.5543125,0.0
0.27,-1.641,9.55475,0.0
0.27,-1.6425,9.5551875,0.0
0.27,-1.6440000000000001,9.555625000000001,0.0
0.27,-1.6455,9.556062500000001,0.0
0.27,-1.647,9.5565,0.0
0.27,-1.6485,9.5569375,0.0
0.27,-1.65,9.557375,0.0
0.27,-1.6515,9.5578125,0.0
0.27,-1.653,9.558250000000001,0.0
0.27,-1.6545,9.558687500000001,0.0
0.27,-1.6560000000000001,9.559125,0.0
0.27,-1.6575,9.5595625,0.0
0.27,-1.659,9.56,0.0
0.27,-1.6605,9.5604375,0.0
0.27,-1.662,9.560875000000001,0.0
0.27,-1.6635,9.5613125,0.0
0.27,-1.665,9.56175,0.0
0.27,-1.6665,9.5621875,0.0
0.27,-1.6680000000000001,9.562625,0.0
0.27,-1.6695,9.563062500000001,0.0
0.27,-1.671,9.563500000000001,0.0
0.27,-1.6725,9.5639375,0.0
0.27,-1.674,9.564375,0.0
0.27,-1.6755,9.5648125,0.0
0.27,-1.677,9.56525,0.0
0.27,-1.6785,9.565687500000001,0.0
0.27,-1.6800000000000002,9.566125,0.0
0.27,-1.6815,9.5665625,0.0
0.27,-1.683,9.567,0.0
0.2688125,-1.6834375000000001,9.56759375,0.0
0.267625,-1.683875,9.5681875,0.0
0.2664375,-1.6843125,9.56878125,0.0
0.26525000000000004,-1.68475,9.569375,0.0
0.26406250000000003,-1.6851875,9.569968750000001,0.0
0.262875,-1.6856250000000002,9.5705625,0.0
0.2616875,-1.6860625,9.57115625,0.0
0.2605,-1.6865,9.57175,0.0
0.2593125,-1.6869375,9.57234375,0.0
0.258125,-1.687375,9.5729375,0.0
0.25693750000000004,-1.6878125000000002,9.57353125,0.0
0.25575000000000003,-1.68825,9.574125,0.0
0.2545625,-1.6886875000000001,9.57471875,0.0
0.253375,-1.689125,9.5753125,0.0
0.2521875,-1.6895625,9.575906250000001,0.0
0.251,-1.69,9.5765,0.0
0.24981250000000002,-1.6904375,9.57709375,0.0
0.248625,-1.6908750000000001,9.5776875,0.0
0.2474375,-1.6913125,9.57828125,0.0
0.24625000000000002,-1.69175,9.578875,0.0
0.24506250000000002,-1.6921875,9.57946875,0.0
0.243875,-1.692625,9.5800625,0.0
0.2426875,-1.6930625000000001,9.58065625,0.0
0.24150000000000002,-1.6935,9.58125,0.0
0.2403125,-1.6939375,9.58184375,0.0
0.239125,-1.694375,9.582437500000001,0.0
0.23793750000000002,-1.6948125,9.58303125,0.0
0.23675000000000002,-1.6952500000000001,9.583625,0.0
0.2355625,-1.6956875,9.58421875,0.0
0.234375,-1.696125,9.5848125,0.0
0.23318750000000002,-1.6965625,9.58540625,0.0
0.232,-1.697,9.586,0.0
0.23153125000000002,-1.6975312500000002,9.58621875,0.0
0.2310625,-1.6980625,9.5864375,0.0
0.23059375000000001,-1.6985937500000001,9.58665625,0.0
0.23012500000000002,-1.699125,9.586875000000001,0.0
0.22965625,-1.69965625,9.587093750000001,0.0
0.22918750000000002,-1.7001875,9.5873125,0.0
0.22871875,-1.70071875,9.58753125,0.0
0.22825,-1.70125,9.58775,0.0
0.22778125000000002,-1.70178125,9.58796875,0.0
0.2273125,-1.7023125000000001,9.5881875,0.0
0.22684375,-1.70284375,9.58840625,0.0
0.226375,-1.703375,9.588625,0.0
0.22590625,-1.70390625,9.58884375,0.0
0.2254375,-1.7044375,9.5890625,0.0
0.22496875,-1.70496875,9.58928125,0.0
0.2245,-1.7055,9.589500000000001,0.0
0.22403125000000002,-1.70603125,9.58971875,0.0
0.2235625,-1.7065625,9.5899375,0.0
0.22309375,-1.70709375,9.59015625,0.0
0.22262500000000002,-1.707625,9.590375,0.0
0.22215625,-1.70815625,9.59059375,0.0
0.2216875,-1.7086875,9.5908125,0.0
0.22121875,-1.70921875,9.59103125,0.0
0.22075,-1.70975,9.59125,0.0
0.22028125,-1.71028125,9.59146875,0.0
0.2198125,-1.7108125,9.5916875,0.0
0.21934375,-1.71134375,9.59190625,0.0
0.218875,-1.711875,9.592125,0.0
0.21840625,-1.71240625,9.59234375,0.0
0.2179375,-1.7129375,9.5925625,0.0
0.21746875,-1.7134687499999999,9.59278125,0.0
0.217,-1.714,9.593,0.0
0.216125,-1.714,9.593,0.0
0.21525,-1.714,9.593,0.0
0.214375,-1.714,9.593,0.0
0.2135,-1.714,9.593,0.0
0.212625,-1.714,9.593,0.0
0.21175,-1.714,9.593,0.0
0.210875,-1.714,9.593,0.0
0.21,-1.714,9.593,0.0
0.209125,-1.714,9.593,0.0
0.20825,-1.714,9.593,0.0
0.207375,-1.714,9.593,0.0
0.2065,-1.714,9.593,0.0
0.205625,-1.714,9.593,0.0
0.20475,-1.714,9.593,0.0
0.203875,-1.714,9.593,0.0
0.203,-1.714,9.593,0.0
0.202125,-1.714,9.593,0.0
0.20124999999999998,-1.714,9.593,0.0
0.200375,-1.714,9.593,0.0
0.1995,-1.714,9.593,0.0
0.198625,-1.714,9.593,0.0
0.19775,-1.714,9.593,0.0
0.196875,-1.714,9.593,0.0
0.196,-1.714,9.593,0.0
0.195125,-1.714,9.593,0.0
0.19425,-1.714,9.593,0.0
0.193375,-1.714,9.593,0.0
0.1925,-1.714,9.593,0.0
0.191625,-1.714,9.593,0.0
0.19075,-1.714,9.593,0.0
0.18987500000000002,-1.714,9.593,0.0
0.189,-1.714,9.593,0.0
0.18875,-1.71490625,9.59234375,0.0
0.1885,-1.7158125,9.591687499999999,0.0
0.18825,-1.71671875,9.59103125,0.0
0.188,-1.717625,9.590375,0.0
0.18775,-1.71853125,9.58971875,0.0
0.1875,-1.7194375,9.5890625,0.0
0.18725,-1.72034375,9.58840625,0.0
0.187,-1.72125,9.58775,0.0
0.18675,-1.72215625,9.58709375,0.0
0.1865,-1.7230625,9.586437499999999,0.0
0.18625,-1.72396875,9.58578125,0.0
0.186,-1.724875,9.585125,0.0
0.18575,-1.72578125,9.58446875,0.0
0.1855,-1.7266875,9.5838125,0.0
0.18525,-1.72759375,9.58315625,0.0
0.185,-1.7285,9.5825,0.0
0.18475,-1.72940625,9.581843749999999,0.0
0.1845,-1.7303125000000001,9.581187499999999,0.0
0.18425,-1.73121875,9.58053125,0.0
0.184,-1.7321250000000001,9.579875,0.0
0.18375,-1.73303125,9.579218749999999,0.0
0.1835,-1.7339375000000001,9.5785625,0.0
0.18325,-1.73484375,9.57790625,0.0
0.183,-1.7357500000000001,9.57725,0.0
0.18275,-1.73665625,9.576593749999999,0.0
0.1825,-1.7375625000000001,9.575937499999998,0.0
0.18225,-1.73846875,9.57528125,0.0
0.182,-1.7393750000000001,9.574625,0.0
0.18175,-1.74028125,9.573968749999999,0.0
0.1815,-1.7411875,9.5733125,0.0
0.18125,-1.74209375,9.57265625,0.0
0.181,-1.743,9.572,0.0
0.180875,-1.74284375,9.5720625,0.0
0.18075,-1.7426875000000002,9.572125,0.0
0.18062499999999998,-1.74253125,9.5721875,0.0
0.1805,-1.742375,9.572249999999999,0.0
0.180375,-1.7422187500000001,9.572312499999999,0.0
0.18025,-1.7420625,9.572375,0.0
0.18012499999999998,-1.74190625,9.5724375,0.0
0.18,-1.7417500000000001,9.5725,0.0
0.179875,-1.74159375,9.5725625,0.0
0.17975,-1.7414375,9.572624999999999,0.0
0.17962499999999998,-1.7412812500000001,9.572687499999999,0.0
0.1795,-1.741125,9.57275,0.0
0.179375,-1.74096875,9.5728125,0.0
0.17925,-1.7408125,9.572875,0.0
0.17912499999999998,-1.74065625,9.5729375,0.0
0.179,-1.7405,9.573,0.0
0.178875,-1.74034375,9.573062499999999,0.0
0.17875,-1.7401875,9.573125,0.0
0.17862499999999998,-1.7400312500000001,9.5731875,0.0
0.1785,-1.739875,9.57325,0.0
0.178375,-1.73971875,9.5733125,0.0
0.17825,-1.7395625000000001,9.573375,0.0
0.17812499999999998,-1.73940625,9.573437499999999,0.0
0.178,-1.73925,9.5735,0.0
0.177875,-1.73909375,9.5735625,0.0
0.17775,-1.7389375,9.573625,0.0
0.17762499999999998,-1.73878125,9.5736875,0.0
0.1775,-1.738625,9.57375,0.0
0.177375,-1.73846875,9.573812499999999,0.0
0.17725,-1.7383125,9.573875,0.0
0.17712499999999998,-1.73815625,9.5739375,0.0
0.177,-1.738,9.574,0.0
0.17534375,-1.737625,9.574375,0.0
0.1736875,-1.73725,9.57475,0.0
0.17203125,-1.736875,9.575125,0.0
0.170375,-1.7365,9.5755,0.0
0.16871875,-1.736125,9.575875,0.0
0.1670625,-1.73575,9.57625,0.0
0.16540625,-1.735375,9.576625,0.0
0.16375,-1.7349999999999999,9.577,0.0
0.16209374999999998,-1.734625,9.577375,0.0
0.16043749999999998,-1.73425,9.57775,0.0
0.15878124999999998,-1.733875,9.578125,0.0
0.157125,-1.7335,9.5785,0.0
0.15546875,-1.733125,9.578875,0.0
0.1538125,-1.73275,9.57925,0.0
0.15215625,-1.732375,9.579625,0.0
0.1505,-1.732,9.58,0.0
0.14884375,-1.731625,9.580375,0.0
0.1471875,-1.73125,9.58075,0.0
0.14553125,-1.730875,9.581125,0.0
0.143875,-1.7305,9.5815,0.0
0.14221875,-1.730125,9.581875,0.0
0.14056249999999998,-1.72975,9.58225,0.0
0.13890625,-1.7293749999999999,9.582625,0.0
0.13724999999999998,-1.729,9.583,0.0
0.13559375,-1.728625,9.583375,0.0
0.1339375,-1.72825,9.58375,0.0
0.13228125,-1.727875,9.584125,0.0
0.130625,-1.7275,9.5845,0.0
0.12896875,-1.727125,9.584875,0.0
0.1273125,-1.72675,9.58525,0.0
0.12565625,-1.726375,9.585625,0.0
0.124,-1.726,9.586,0.0
0.1231875,-1.725625,9.58615625,0.0
0.122375,-1.72525,9.5863125,0.0
0.1215625,-1.724875,9.58646875,0.0
0.12075,-1.7245,9.586625,0.0
0.1199375,-1.724125,9.58678125,0.0
0.119125,-1.72375,9.5869375,0.0
0.1183125,-1.7233749999999999,9.58709375,0.0
0.1175,-1.7229999999999999,9.587250000000001,0.0
0.1166875,-1.722625,9.58740625,0.0
0.115875,-1.72225,9.5875625,0.0
0.1150625,-1.721875,9.58771875,0.0
0.11425,-1.7215,9.587875,0.0
0.1134375,-1.721125,9.58803125,0.0
0.112625,-1.72075,9.5881875,0.0
0.11181250000000001,-1.720375,9.58834375,0.0
0.111,-1.72,9.5885,0.0
0.1101875,-1.719625,9.58865625,0.0
0.109375,-1.71925,9.5888125,0.0
0.1085625,-1.718875,9.58896875,0.0
0.10775,-1.7185,9.589125,0.0
0.1069375,-1.718125,9.589281249999999,0.0
0.106125,-1.7177499999999999,9.589437499999999,0.0
0.1053125,-1.7173749999999999,9.589593749999999,0.0
0.10450000000000001,-1.717,9.589749999999999,0.0
0.1036875,-1.716625,9.58990625,0.0
0.102875,-1.71625,9.5900625,0.0
0.1020625,-1.715875,9.59021875,0.0
0.10125,-1.7155,9.590375,0.0
0.1004375,-1.715125,9.59053125,0.0
0.099625,-1.71475,9.5906875,0.0
0.0988125,-1.714375,9.59084375,0.0
0.098,-1.714,9.591,0.0
0.09703125,-1.7133125,9.591312499999999,0.0
0.09606250000000001,-1.712625,9.591624999999999,0.0
0.09509375,-1.7119375,9.5919375,0.0
0.094125,-1.71125,9.59225,0.0
0.09315625000000001,-1.7105625,9.5925625,0.0
0.0921875,-1.709875,9.592875,0.0
0.09121875,-1.7091874999999999,9.593187499999999,0.0
0.09025,-1.7085,9.593499999999999,0.0
0.08928125,-1.7078125,9.5938125,0.0
0.0883125,-1.707125,9.594125,0.0
0.08734375,-1.7064375,9.5944375,0.0
0.08637500000000001,-1.7057499999999999,9.59475,0.0
0.08540625,-1.7050625,9.5950625,0.0
0.0844375,-1.704375,9.595375,0.0
0.08346875000000001,-1.7036875,9.5956875,0.0
0.0825,-1.7029999999999998,9.596,0.0
0.08153125,-1.7023125,9.5963125,0.0
0.08056250000000001,-1.701625,9.596625,0.0
0.07959375,-1.7009375,9.596937500000001,0.0
0.078625,-1.70025,9.59725,0.0
0.07765625000000001,-1.6995624999999999,9.5975625,0.0
0.0766875,-1.698875,9.597875,0.0
0.07571875,-1.6981875,9.5981875,0.0
0.07475000000000001,-1.6975,9.598500000000001,0.0
0.07378125,-1.6968125,9.598812500000001,0.0
0.0728125,-1.6961249999999999,9.599125,0.0
0.07184375000000001,-1.6954375,9.5994375,0.0
0.07087500000000001,-1.69475,9.59975,0.0
0.06990625,-1.6940625,9.6000625,0.0
0.06893750000000001,-1.6933749999999999,9.600375000000001,0.0
0.06796875000000001,-1.6926875,9.600687500000001,0.0
0.067,-1.692,9.601,0.0
0.06675,-1.6911874999999998,9.601875000000001,0.0
0.0665,-1.690375,9.60275,0.0
0.06625,-1.6895624999999999,9.603625000000001,0.0
0.066,-1.68875,9.604500000000002,0.0
0.06575,-1.6879374999999999,9.605375,0.0
0.0655,-1.687125,9.606250000000001,0.0
0.06525,-1.6863124999999999,9.607125,0.0
0.065,-1.6855,9.608,0.0
0.06475,-1.6846875,9.608875000000001,0.0
0.0645,-1.683875,9.60975,0.0
0.06425,-1.6830625,9.610625,0.0
0.064,-1.68225,9.6115,0.0
0.06375,-1.6814375,9.612375,0.0
0.0635,-1.680625,9.61325,0.0
0.06325,-1.6798125,9.614125,0.0
0.063,-1.6789999999999998,9.615,0.0
0.06275,-1.6781875,9.615875,0.0
0.0625,-1.6773749999999998,9.61675,0.0
0.06225,-1.6765625,9.617625,0.0
0.062,-1.6757499999999999,9.618500000000001,0.0
0.06175,-1.6749375,9.619375,0.0
0.0615,-1.6741249999999999,9.62025,0.0
0.06125,-1.6733125,9.621125,0.0
0.061,-1.6724999999999999,9.622,0.0
0.06075,-1.6716875,9.622875,0.0
0.0605,-1.6708749999999999,9.62375,0.0
0.06025,-1.6700625,9.624625,0.0
0.06,-1.66925,9.625499999999999,0.0
0.05975,-1.6684375,9.626375,0.0
0.0595,-1.667625,9.62725,0.0
0.05925,-1.6668125,9.628124999999999,0.0
0.059,-1.666,9.629,0.0
0.057499999999999996,-1.6662187499999999,9.630125,0.0
0.055999999999999994,-1.6664375,9.63125,0.0
0.05449999999999999,-1.66665625,9.632375,0.0
0.053,-1.6668749999999999,9.6335,0.0
0.0515,-1.66709375,9.634625,0.0
0.049999999999999996,-1.6673125,9.63575,0.0
0.048499999999999995,-1.66753125,9.636875,0.0
0.047,-1.6677499999999998,9.638,0.0
0.0455,-1.66796875,9.639125,0.0
0.044,-1.6681875,9.64025,0.0
0.042499999999999996,-1.6684062499999999,9.641375,0.0
0.040999999999999995,-1.668625,9.6425,0.0
0.03949999999999999,-1.66884375,9.643625,0.0
0.03799999999999999,-1.6690625,9.64475,0.0
0.0365,-1.66928125,9.645875,0.0
0.034999999999999996,-1.6695,9.646999999999998,0.0
0.033499999999999995,-1.66971875,9.648124999999999,0.0
0.032,-1.6699375,9.649249999999999,0.0
0.030499999999999996,-1.67015625,9.650374999999999,0.0
0.028999999999999998,-1.670375,9.651499999999999,0.0
0.027499999999999997,-1.67059375,9.652624999999999,0.0
0.025999999999999995,-1.6708125,9.653749999999999,0.0
0.024499999999999994,-1.67103125,9.654874999999999,0.0
0.022999999999999993,-1.6712500000000001,9.655999999999999,0.0
0.0215,-1.67146875,9.657124999999999,0.0
0.019999999999999997,-1.6716875,9.658249999999999,0.0
0.018499999999999996,-1.67190625,9.659374999999999,0.0
0.016999999999999994,-1.672125,9.660499999999999,0.0
0.015499999999999993,-1.67234375,9.661624999999999,0.0
0.013999999999999999,-1.6725625,9.662749999999999,0.0
0.012499999999999997,-1.67278125,9.663874999999999,0.0
0.011,-1.673,9.665,0.0
0.00903125,-1.67196875,9.666281249999999,0.0
0.007062499999999999,-1.6709375,9.667562499999999,0.0
0.005093749999999999,-1.66990625,9.668843749999999,0.0
0.0031249999999999993,-1.668875,9.670124999999999,0.0
0.0011562499999999993,-1.66784375,9.671406249999999,0.0
-0.0008125000000000007,-1.6668125,9.672687499999999,0.0
-0.0027812500000000007,-1.66578125,9.673968749999998,0.0
-0.004750000000000001,-1.66475,9.675249999999998,0.0
-0.006718749999999999,-1.66371875,9.67653125,0.0
-0.0086875,-1.6626875,9.6778125,0.0
-0.010656250000000003,-1.66165625,9.67909375,0.0
-0.012625,-1.660625,9.680375,0.0
-0.014593749999999999,-1.65959375,9.68165625,0.0
-0.0165625,-1.6585625,9.6829375,0.0
-0.018531250000000003,-1.65753125,9.68421875,0.0
-0.0205,-1.6564999999999999,9.6855,0.0
-0.02246875,-1.65546875,9.68678125,0.0
-0.024437499999999997,-1.6544375,9.6880625,0.0
-0.026406250000000003,-1.65340625,9.689343749999999,0.0
-0.028375,-1.652375,9.690624999999999,0.0
-0.03034375,-1.6513437499999999,9.691906249999999,0.0
-0.03231250000000001,-1.6503124999999998,9.693187499999999,0.0
-0.03428125,-1.64928125,9.694468749999999,0.0
-0.036250000000000004,-1.64825,9.69575,0.0
-0.038218749999999996,-1.64721875,9.69703125,0.0
-0.0401875,-1.6461875,9.6983125,0.0
-0.042156250000000006,-1.6451562499999999,9.69959375,0.0
-0.044125,-1.6441249999999998,9.700875,0.0
-0.04609375,-1.64309375,9.70215625,0.0
-0.04806250000000001,-1.6420625,9.7034375,0.0
-0.05003125,-1.64103125,9.70471875,0.0
-0.052,-1.64,9.706,0.0
-0.052,-1.64,9.706,0.0
-0.052,-1.64,9.706,0.0
-0.052,-1.64,9.706,0.0
-0.052,-1.64,9.706,0.0
-0.052,-1.64,9.706,0.0
-0.052,-1.64,9.706,0.0
-0.052,-1.64,9.706,0.0
-0.052,-1.64,9.706,0.0
-0.052,-1.64,9.706,0.0
-0.052,-1.64,9.706,0.0
-0.052,-1.64,9.706,0.0
-0.052,-1.64,9.706,0.0
-0.052,-1.64,9.706,0.0
-0.052,-1.64,9.706,0.0
-0.052,-1.64,9.706,0.0
-0.052,-1.64,9.706,0.0
-0.052,-1.64,9.706,0.0
-0.052,-1.64,9.706,0.0
-0.052,-1.64,9.706,0.0
-0.052,-1.64,9.706,0.0
-0.052,-1.64,9.706,0.0
-0.052,-1.64,9.706,0.0
-0.052,-1.64,9.706,0.0
-0.052,-1.64,9.706,0.0
-0.052,-1.64,9.706,0.0
-0.052,-1.64,9.706,0.0
-0.052,-1.64,9.706,0.0
-0.052,-1.64,9.706,0.0
-0.052,-1.64,9.706,0.0
-0.052,-1.64,9.706,0.0
-0.052,-1.64,9.706,0.0
-0.052,-1.64,9.706,0.0
-0.052843749999999995,-1.6392499999999999,9.7075625,0.0
-0.0536875,-1.6384999999999998,9.709125,0.0
-0.054531249999999996,-1.6377499999999998,9.710687499999999,0.0
-0.055375,-1.637,9.71225,0.0
-0.05621875,-1.63625,9.7138125,0.0
-0.0570625,-1.6355,9.715375,0.0
-0.05790625,-1.63475,9.7169375,0.0
-0.05875,-1.634,9.718499999999999,0.0
-0.05959375,-1.6332499999999999,9.7200625,0.0
-0.0604375,-1.6325,9.721625,0.0
-0.061281249999999995,-1.63175,9.7231875,0.0
-0.062125,-1.631,9.72475,0.0
-0.06296875,-1.63025,9.7263125,0.0
-0.0638125,-1.6295,9.727875,0.0
-0.06465625,-1.62875,9.7294375,0.0
-0.0655,-1.6280000000000001,9.731,0.0
-0.06634375,-1.62725,9.7325625,0.0
-0.0671875,-1.6265,9.734125,0.0
-0.06803125,-1.62575,9.7356875,0.0
-0.06887499999999999,-1.625,9.73725,0.0
-0.06971875,-1.62425,9.7388125,0.0
-0.0705625,-1.6235,9.740375,0.0
-0.07140625,-1.6227500000000001,9.7419375,0.0
-0.07225000000000001,-1.622,9.743500000000001,0.0
-0.07309375,-1.62125,9.7450625,0.0
-0.0739375,-1.6205,9.746625,0.0
-0.07478125,-1.61975,9.7481875,0.0
-0.075625,-1.619,9.74975,0.0
-0.07646875,-1.6182500000000002,9.751312500000001,0.0
-0.0773125,-1.6175000000000002,9.752875,0.0
-0.07815625,-1.6167500000000001,9.7544375,0.0
-0.079,-1.616,9.756,0.0
-0.0798125,-1.61590625,9.7563125,0.0
-0.080625,-1.6158125,9.756625,0.0
-0.0814375,-1.61571875,9.7569375,0.0
-0.08225,-1.615625,9.75725,0.0
-0.0830625,-1.61553125,9.7575625,0.0
-0.083875,-1.6154375,9.757875,0.0
-0.0846875,-1.61534375,9.7581875,0.0
-0.08549999999999999,-1.61525,9.7585,0.0
-0.0863125,-1.61515625,9.7588125,0.0
-0.087125,-1.6150625,9.759125000000001,0.0
-0.0879375,-1.61496875,9.7594375,0.0
-0.08875,-1.614875,9.75975,0.0
-0.0895625,-1.61478125,9.7600625,0.0
-0.090375,-1.6146875,9.760375,0.0
-0.0911875,-1.61459375,9.7606875,0.0
-0.092,-1.6145,9.761,0.0
-0.09281249999999999,-1.61440625,9.7613125,0.0
-0.093625,-1.6143125,9.761625,0.0
-0.0944375,-1.61421875,9.7619375,0.0
-0.09525,-1.614125,9.76225,0.0
-0.0960625,-1.61403125,9.7625625,0.0
-0.09687499999999999,-1.6139375,9.762875,0.0
-0.0976875,-1.61384375,9.7631875,0.0
-0.0985,-1.61375,9.7635,0.0
-0.0993125,-1.61365625,9.7638125,0.0
-0.10012499999999999,-1.6135625,9.764125,0.0
-0.1009375,-1.61346875,9.7644375,0.0
-0.10175,-1.613375,9.76475,0.0
-0.1025625,-1.61328125,9.7650625,0.0
-0.103375,-1.6131875,9.765375,0.0
-0.10418749999999999,-1.61309375,9.7656875,0.0
-0.105,-1.613,9.766,0.0
-0.10590625,-1.612625,9.7668125,0.0
-0.10681249999999999,-1.61225,9.767625,0.0
-0.10771875,-1.611875,9.7684375,0.0
-0.108625,-1.6115,9.76925,0.0
-0.10953125,-1.611125,9.7700625,0.0
-0.1104375,-1.61075,9.770875,0.0
-0.11134374999999999,-1.610375,9.7716875,0.0
-0.11225,-1.6099999999999999,9.7725,0.0
-0.11315625,-1.609625,9.7733125,0.0
-0.1140625,-1.60925,9.774125,0.0
-0.11496875,-1.608875,9.7749375,0.0
-0.115875,-1.6085,9.77575,0.0
-0.11678125,-1.608125,9.7765625,0.0
-0.1176875,-1.60775,9.777375,0.0
-0.11859375,-1.607375,9.7781875,0.0
-0.1195,-1.607,9.779,0.0
-0.12040625,-1.606625,9.7798125,0.0
-0.1213125,-1.60625,9.780625,0.0
-0.12221875,-1.605875,9.7814375,0.0
-0.12312500000000001,-1.6055,9.78225,0.0
-0.12403125000000001,-1.605125,9.7830625,0.0
-0.1249375,-1.60475,9.783875,0.0
-0.12584375,-1.6043749999999999,9.7846875,0.0
-0.12675,-1.604,9.785499999999999,0.0
-0.12765625,-1.603625,9.7863125,0.0
-0.1285625,-1.60325,9.787125,0.0
-0.12946875000000002,-1.602875,9.7879375,0.0
-0.13037500000000002,-1.6025,9.78875,0.0
-0.13128125000000002,-1.602125,9.7895625,0.0
-0.1321875,-1.60175,9.790375,0.0
-0.13309375,-1.601375,9.7911875,0.0
-0.134,-1.601,9.792,0.0
-0.13496875,-1.601,9.7941875,0.0
-0.13593750000000002,-1.601,9.796375,0.0
-0.13690625,-1.601,9.7985625,0.0
-0.137875,-1.601,9.80075,0.0
-0.13884375000000002,-1.601,9.8029375,0.0
-0.1398125,-1.601,9.805125,0.0
-0.14078125,-1.601,9.8073125,0.0
-0.14175000000000001,-1.601,9.8095,0.0
-0.14271875,-1.601,9.8116875,0.0
-0.1436875,-1.601,9.813875,0.0
-0.14465625000000001,-1.601,9.8160625,0.0
-0.145625,-1.601,9.818249999999999,0.0
-0.14659375000000002,-1.601,9.8204375,0.0
-0.1475625,-1.601,9.822625,0.0
-0.14853125,-1.601,9.8248125,0.0
-0.14950000000000002,-1.601,9.827,0.0
-0.15046875,-1.601,9.8291875,0.0
-0.1514375,-1.601,9.831375,0.0
-0.15240625000000002,-1.601,9.8335625,0.0
-0.153375,-1.601,9.83575,0.0
-0.15434375,-1.601,9.8379375,0.0
-0.15531250000000002,-1.601,9.840125,0.0
-0.15628125,-1.601,9.8423125,0.0
-0.15725,-1.601,9.8445,0.0
-0.15821875000000002,-1.601,9.8466875,0.0
-0.1591875,-1.601,9.848875,0.0
-0.16015625,-1.601,9.8510625,0.0
-0.16112500000000002,-1.601,9.85325,0.0
-0.16209375,-1.601,9.8554375,0.0
-0.1630625,-1.601,9.857625,0.0
-0.16403125000000002,-1.601,9.8598125,0.0
-0.165,-1.601,9.862,0.0
-0.16596875,-1.60115625,9.862,0.0
-0.16693750000000002,-1.6013125,9.862,0.0
-0.16790625,-1.60146875,9.862,0.0
-0.168875,-1.601625,9.862,0.0
-0.16984375000000002,-1.60178125,9.862,0.0
-0.1708125,-1.6019375,9.862,0.0
-0.17178125,-1.60209375,9.862,0.0
-0.17275000000000001,-1.60225,9.862,0.0
-0.17371875,-1.60240625,9.862,0.0
-0.1746875,-1.6025625000000001,9.862,0.0
-0.17565625,-1.60271875,9.862,0.0
-0.176625,-1.602875,9.862,0.0
-0.17759375,-1.6030312500000001,9.862,0.0
-0.1785625,-1.6031875,9.862,0.0
-0.17953125,-1.60334375,9.862,0.0
-0.1805,-1.6035,9.862,0.0
-0.18146875,-1.60365625,9.862,0.0
-0.1824375,-1.6038125,9.862,0.0
-0.18340625,-1.60396875,9.862,0.0
-0.184375,-1.604125,9.862,0.0
-0.18534375,-1.60428125,9.862,0.0
-0.1863125,-1.6044375,9.862,0.0
-0.18728125,-1.60459375,9.862,0.0
-0.18825,-1.6047500000000001,9.862,0.0
-0.18921875000000002,-1.60490625,9.862,0.0
-0.1901875,-1.6050625,9.862,0.0
-0.19115625,-1.6052187500000001,9.862,0.0
-0.19212500000000002,-1.605375,9.862,0.0
-0.19309375,-1.60553125,9.862,0.0
-0.1940625,-1.6056875000000002,9.862,0.0
-0.19503125000000002,-1.60584375,9.862,0.0
-0.196,-1.606,9.862,0.0
-0.19703125000000002,-1.606,9.8628125,0.0
-0.1980625,-1.606,9.863625,0.0
-0.19909375,-1.606,9.8644375,0.0
-0.200125,-1.606,9.86525,0.0
-0.20115625,-1.606,9.8660625,0.0
-0.20218750000000002,-1.606,9.866875,0.0
-0.20321875,-1.606,9.8676875,0.0
-0.20425000000000001,-1.606,9.868500000000001,0.0
-0.20528125,-1.606,9.8693125,0.0
-0.2063125,-1.606,9.870125,0.0
-0.20734375,-1.606,9.8709375,0.0
-0.208375,-1.606,9.87175,0.0
-0.20940625000000002,-1.606,9.8725625,0.0
-0.2104375,-1.606,9.873375,0.0
-0.21146875,-1.606,9.8741875,0.0
-0.21250000000000002,-1.606,9.875,0.0
-0.21353125,-1.606,9.8758125,0.0
-0.21456250000000002,-1.606,9.876625,0.0
-0.21559375,-1.606,9.8774375,0.0
-0.216625,-1.606,9.87825,0.0
-0.21765625,-1.606,9.8790625,0.0
-0.2186875,-1.606,9.879875,0.0
-0.21971875000000002,-1.606,9.8806875,0.0
-0.22075,-1.606,9.881499999999999,0.0
-0.22178125,-1.606,9.8823125,0.0
-0.22281250000000002,-1.606,9.883125,0.0
-0.22384375,-1.606,9.8839375,0.0
-0.22487500000000002,-1.606,9.88475,0.0
-0.22590625,-1.606,9.8855625,0.0
-0.22693750000000001,-1.606,9.886375,0.0
-0.22796875,-1.606,9.8871875,0.0
-0.229,-1.606,9.888,0.0
-0.22996875,-1.606,9.88815625,0.0
-0.23093750000000002,-1.606,9.8883125,0.0
-0.23190625,-1.606,9.88846875,0.0
-0.232875,-1.606,9.888625,0.0
-0.23384375000000002,-1.606,9.88878125,0.0
-0.2348125,-1.606,9.8889375,0.0
-0.23578125,-1.606,9.88909375,0.0
-0.23675000000000002,-1.606,9.88925,0.0
-0.23771875,-1.606,9.88940625,0.0
-0.2386875,-1.606,9.8895625,0.0
-0.23965625000000002,-1.606,9.88971875,0.0
-0.240625,-1.606,9.889875,0.0
-0.24159375,-1.606,9.89003125,0.0
-0.24256250000000001,-1.606,9.8901875,0.0
-0.24353125,-1.606,9.89034375,0.0
-0.2445,-1.606,9.8905,0.0
-0.24546875,-1.606,9.890656250000001,0.0
-0.2464375,-1.606,9.890812500000001,0.0
-0.24740625,-1.606,9.89096875,0.0
-0.248375,-1.606,9.891125,0.0
-0.24934375,-1.606,9.89128125,0.0
-0.2503125,-1.606,9.8914375,0.0
-0.25128125,-1.606,9.89159375,0.0
-0.25225000000000003,-1.606,9.89175,0.0
-0.25321875,-1.606,9.89190625,0.0
-0.2541875,-1.606,9.8920625,0.0
-0.25515625000000003,-1.606,9.892218750000001,0.0
-0.256125,-1.606,9.892375000000001,0.0
-0.25709375,-1.606,9.892531250000001,0.0
-0.25806250000000003,-1.606,9.892687500000001,0.0
-0.25903125,-1.606,9.89284375,0.0
-0.26,-1.606,9.893,0.0
-0.26203125,-1.6055625,9.895000000000001,0.0
-0.26406250000000003,-1.6051250000000001,9.897,0.0
-0.26609375,-1.6046875,9.899000000000001,0.0
-0.268125,-1.6042500000000002,9.901,0.0
-0.27015625,-1.6038125,9.903,0.0
-0.2721875,-1.603375,9.905000000000001,0.0
-0.27421875,-1.6029375000000001,9.907,0.0
-0.27625,-1.6025,9.909,0.0
-0.27828125000000004,-1.6020625000000002,9.911000000000001,0.0
-0.2803125,-1.601625,9.913,0.0
-0.28234375,-1.6011875,9.915000000000001,0.0
-0.284375,-1.6007500000000001,9.917000000000002,0.0
-0.28640625000000003,-1.6003125,9.919,0.0
-0.2884375,-1.5998750000000002,9.921000000000001,0.0
-0.29046875,-1.5994375,9.923,0.0
-0.2925,-1.5990000000000002,9.925,0.0
-0.29453125,-1.5985625,9.927000000000001,0.0
-0.2965625,-1.598125,9.929,0.0
-0.29859375,-1.5976875000000001,9.931000000000001,0.0
-0.30062500000000003,-1.59725,9.933,0.0
-0.30265625,-1.5968125000000002,9.935,0.0
-0.3046875,-1.596375,9.937000000000001,0.0
-0.30671875000000004,-1.5959375,9.939,0.0
-0.30875,-1.5955000000000001,9.941,0.0
-0.31078125,-1.5950625,9.943000000000001,0.0
-0.3128125,-1.5946250000000002,9.945,0.0
-0.31484375000000003,-1.5941875,9.947000000000001,0.0
-0.316875,-1.59375,9.949000000000002,0.0
-0.31890625,-1.5933125000000001,9.951,0.0
-0.3209375,-1.592875,9.953000000000001,0.0
-0.32296875,-1.5924375000000002,9.955,0.0
-0.325,-1.592,9.957,0.0
-0.3254375,-1.5916875000000001,9.957593750000001,0.0
-0.325875,-1.591375,9.958187500000001,0.0
-0.3263125,-1.5910625,9.958781250000001,0.0
-0.32675,-1.59075,9.959375000000001,0.0
-0.3271875,-1.5904375000000002,9.959968750000002,0.0
-0.327625,-1.590125,9.9605625,0.0
-0.32806250000000003,-1.5898125,9.96115625,0.0
-0.3285,-1.5895000000000001,9.96175,0.0
-0.3289375,-1.5891875,9.96234375,0.0
-0.32937500000000003,-1.588875,9.9629375,0.0
-0.3298125,-1.5885625,9.96353125,0.0
-0.33025000000000004,-1.5882500000000002,9.964125000000001,0.0
-0.3306875,-1.5879375,9.964718750000001,0.0
-0.331125,-1.587625,9.965312500000001,0.0
-0.33156250000000004,-1.5873125000000001,9.965906250000002,0.0
-0.332,-1.5870000000000002,9.9665,0.0
-0.3324375,-1.5866875,9.96709375,0.0
-0.33287500000000003,-1.586375,9.9676875,0.0
-0.3333125,-1.5860625000000002,9.96828125,0.0
-0.33375,-1.58575,9.968875,0.0
-0.3341875,-1.5854375,9.96946875,0.0
-0.334625,-1.5851250000000001,9.970062500000001,0.0
-0.33506250000000004,-1.5848125000000002,9.970656250000001,0.0
-0.3355,-1.5845,9.971250000000001,0.0
-0.3359375,-1.5841875,9.971843750000001,0.0
-0.33637500000000004,-1.5838750000000001,9.972437500000002,0.0
-0.3368125,-1.5835625,9.97303125,0.0
-0.33725000000000005,-1.58325,9.973625,0.0
-0.33768750000000003,-1.5829375,9.97421875,0.0
-0.338125,-1.5826250000000002,9.9748125,0.0
-0.33856250000000004,-1.5823125,9.97540625,0.0
-0.339,-1.582,9.976,0.0
-0.340125,-1.58221875,9.978093750000001,0.0
-0.34125,-1.5824375000000002,9.980187500000001,0.0
-0.34237500000000004,-1.58265625,9.982281250000002,0.0
-0.3435,-1.582875,9.984375,0.0
-0.344625,-1.58309375,9.98646875,0.0
-0.34575,-1.5833125000000001,9.9885625,0.0
-0.34687500000000004,-1.58353125,9.99065625,0.0
-0.34800000000000003,-1.58375,9.992750000000001,0.0
-0.349125,-1.5839687500000001,9.994843750000001,0.0
-0.35025,-1.5841875,9.9969375,0.0
-0.351375,-1.58440625,9.99903125,0.0
-0.35250000000000004,-1.584625,10.001125,0.0
-0.353625,-1.58484375,10.00321875,0.0
-0.35475,-1.5850625,10.0053125,0.0
-0.355875,-1.58528125,10.00740625,0.0
-0.357,-1.5855000000000001,10.0095,0.0
-0.358125,-1.58571875,10.01159375,0.0
-0.35925,-1.5859375,10.0136875,0.0
-0.360375,-1.58615625,10.01578125,0.0
-0.3615,-1.586375,10.017875,0.0
-0.36262500000000003,-1.58659375,10.01996875,0.0
-0.36375,-1.5868125,10.0220625,0.0
-0.364875,-1.58703125,10.024156249999999,0.0
-0.366,-1.58725,10.02625,0.0
-0.36712500000000003,-1.58746875,10.02834375,0.0
-0.36825,-1.5876875,10.0304375,0.0
-0.369375,-1.58790625,10.03253125,0.0
-0.3705,-1.588125,10.034625,0.0
-0.371625,-1.58834375,10.036718749999999,0.0
-0.37275,-1.5885624999999999,10.038812499999999,0.0
-0.373875,-1.58878125,10.040906249999999,0.0
-0.375,-1.589,10.043,0.0
-0.3756875,-1.58990625,10.04578125,0.0
-0.376375,-1.5908125,10.0485625,0.0
-0.3770625,-1.59171875,10.05134375,0.0
-0.37775000000000003,-1.592625,10.054124999999999,0.0
-0.3784375,-1.59353125,10.056906249999999,0.0
-0.379125,-1.5944375,10.059687499999999,0.0
-0.3798125,-1.59534375,10.062468749999999,0.0
-0.3805,-1.59625,10.065249999999999,0.0
-0.3811875,-1.59715625,10.068031249999999,0.0
-0.381875,-1.5980625,10.070812499999999,0.0
-0.3825625,-1.59896875,10.073593749999999,0.0
-0.38325,-1.599875,10.076374999999999,0.0
-0.3839375,-1.60078125,10.079156249999999,0.0
-0.384625,-1.6016875,10.081937499999999,0.0
-0.3853125,-1.60259375,10.084718749999999,0.0
-0.386,-1.6035,10.087499999999999,0.0
-0.3866875,-1.60440625,10.09028125,0.0
-0.387375,-1.6053125000000001,10.0930625,0.0
-0.38806250000000003,-1.60621875,10.09584375,0.0
-0.38875000000000004,-1.6071250000000001,10.098625,0.0
-0.3894375,-1.60803125,10.10140625,0.0
-0.390125,-1.6089375000000001,10.1041875,0.0
-0.3908125,-1.60984375,10.10696875,0.0
-0.3915,-1.6107500000000001,10.10975,0.0
-0.3921875,-1.61165625,10.11253125,0.0
-0.39287500000000003,-1.6125625000000001,10.1153125,0.0
-0.39356250000000004,-1.61346875,10.11809375,0.0
-0.39425,-1.6143750000000001,10.120875,0.0
-0.3949375,-1.61528125,10.12365625,0.0
-0.395625,-1.6161875,10.1264375,0.0
-0.3963125,-1.61709375,10.12921875,0.0
-0.397,-1.618,10.132,0.0
-0.39753125,-1.6175625,10.13259375,0.0
-0.39806250000000004,-1.6171250000000001,10.1331875,0.0
-0.39859375,-1.6166875,10.13378125,0.0
-0.399125,-1.6162500000000002,10.134375,0.0
-0.39965625,-1.6158125,10.13496875,0.0
-0.40018750000000003,-1.615375,10.135562499999999,0.0
-0.40071875,-1.6149375000000001,10.136156249999999,0.0
-0.40125,-1.6145,10.13675,0.0
-0.40178125000000003,-1.6140625000000002,10.13734375,0.0
-0.4023125,-1.613625,10.1379375,0.0
-0.40284375,-1.6131875,10.13853125,0.0
-0.403375,-1.6127500000000001,10.139125,0.0
-0.40390625,-1.6123125,10.13971875,0.0
-0.4044375,-1.6118750000000002,10.1403125,0.0
-0.40496875,-1.6114375,10.14090625,0.0
-0.40549999999999997,-1.6110000000000002,10.1415,0.0
-0.40603125,-1.6105625000000001,10.142093749999999,0.0
-0.4065625,-1.610125,10.1426875,0.0
-0.40709375,-1.6096875000000002,10.14328125,0.0
-0.407625,-1.60925,10.143875,0.0
-0.40815625,-1.6088125000000002,10.14446875,0.0
-0.4086875,-1.608375,10.1450625,0.0
-0.40921874999999996,-1.6079375,10.14565625,0.0
-0.40975,-1.6075000000000002,10.14625,0.0
-0.41028125,-1.6070625,10.14684375,0.0
-0.41081249999999997,-1.6066250000000002,10.1474375,0.0
-0.41134375,-1.6061875,10.148031249999999,0.0
-0.411875,-1.60575,10.148625,0.0
-0.41240625,-1.6053125000000001,10.14921875,0.0
-0.41293749999999996,-1.604875,10.1498125,0.0
-0.41346875,-1.6044375000000002,10.15040625,0.0
-0.414,-1.604,10.151,0.0
-0.41443749999999996,-1.6048125,10.15234375,0.0
-0.414875,-1.605625,10.1536875,0.0
-0.4153125,-1.6064375000000002,10.15503125,0.0
-0.41574999999999995,-1.60725,10.156375,0.0
-0.4161875,-1.6080625,10.15771875,0.0
-0.41662499999999997,-1.608875,10.1590625,0.0
-0.4170625,-1.6096875000000002,10.16040625,0.0
-0.4175,-1.6105,10.16175,0.0
-0.41793749999999996,-1.6113125,10.16309375,0.0
-0.418375,-1.612125,10.1644375,0.0
-0.4188125,-1.6129375000000001,10.16578125,0.0
-0.41925,-1.61375,10.167125,0.0
-0.4196875,-1.6145625,10.16846875,0.0
-0.42012499999999997,-1.615375,10.1698125,0.0
-0.4205625,-1.6161875,10.171156250000001,0.0
-0.421,-1.617,10.1725,0.0
-0.42143749999999996,-1.6178124999999999,10.17384375,0.0
-0.421875,-1.618625,10.1751875,0.0
-0.4223125,-1.6194375,10.17653125,0.0
-0.42274999999999996,-1.62025,10.177875,0.0
-0.4231875,-1.6210624999999999,10.17921875,0.0
-0.423625,-1.621875,10.1805625,0.0
-0.4240625,-1.6226875,10.18190625,0.0
-0.4245,-1.6235,10.183250000000001,0.0
-0.42493749999999997,-1.6243124999999998,10.184593750000001,0.0
-0.425375,-1.625125,10.185937500000001,0.0
-0.4258125,-1.6259375,10.18728125,0.0
-0.42625,-1.62675,10.188625,0.0
-0.4266875,-1.6275624999999998,10.18996875,0.0
-0.427125,-1.628375,10.1913125,0.0
-0.4275625,-1.6291875,10.19265625,0.0
-0.428,-1.63,10.194,0.0
-0.42703125,-1.63053125,10.19528125,0.0
-0.4260625,-1.6310624999999999,10.1965625,0.0
-0.42509375,-1.63159375,10.19784375,0.0
-0.424125,-1.6321249999999998,10.199125,0.0
-0.42315625,-1.63265625,10.20040625,0.0
-0.4221875,-1.6331875,10.2016875,0.0
-0.42121875,-1.6337187499999999,10.20296875,0.0
-0.42025,-1.63425,10.20425,0.0
-0.41928125,-1.6347812499999999,10.20553125,0.0
-0.4183125,-1.6353125,10.2068125,0.0
-0.41734375,-1.63584375,10.20809375,0.0
-0.416375,-1.636375,10.209375,0.0
-0.41540625,-1.63690625,10.21065625,0.0
-0.4144375,-1.6374374999999999,10.2119375,0.0
-0.41346875,-1.63796875,10.21321875,0.0
-0.4125,-1.6385,10.214500000000001,0.0
-0.41153125,-1.63903125,10.215781250000001,0.0
-0.4105625,-1.6395625,10.2170625,0.0
-0.40959375,-1.64009375,10.21834375,0.0
-0.408625,-1.640625,10.219625,0.0
-0.40765625,-1.6411562499999999,10.22090625,0.0
-0.40668750000000004,-1.6416875,10.2221875,0.0
-0.40571875,-1.64221875,10.22346875,0.0
-0.40475,-1.64275,10.22475,0.0
-0.40378125000000004,-1.64328125,10.22603125,0.0
-0.4028125,-1.6438125,10.2273125,0.0
-0.40184375,-1.64434375,10.22859375,0.0
-0.40087500000000004,-1.644875,10.229875,0.0
-0.39990625,-1.64540625,10.23115625,0.0
-0.3989375,-1.6459375,10.2324375,0.0
-0.39796875000000004,-1.64646875,10.23371875,0.0
-0.397,-1.647,10.235,0.0
-0.39625,-1.64759375,10.2356875,0.0
-0.3955,-1.6481875,10.236374999999999,0.0
-0.39475000000000005,-1.64878125,10.237062499999999,0.0
-0.394,-1.649375,10.23775,0.0
-0.39325,-1.64996875,10.2384375,0.0
-0.3925,-1.6505625,10.239125,0.0
-0.39175000000000004,-1.65115625,10.2398125,0.0
-0.391,-1.65175,10.240499999999999,0.0
-0.39025,-1.65234375,10.241187499999999,0.0
-0.3895,-1.6529375,10.241875,0.0
-0.38875000000000004,-1.65353125,10.2425625,0.0
-0.388,-1.654125,10.24325,0.0
-0.38725,-1.65471875,10.2439375,0.0
-0.3865,-1.6553125,10.244625,0.0
-0.38575000000000004,-1.65590625,10.245312499999999,0.0
-0.385,-1.6564999999999999,10.245999999999999,0.0
-0.38425,-1.65709375,10.2466875,0.0
-0.3835,-1.6576875,10.247375,0.0
-0.38275000000000003,-1.65828125,10.2480625,0.0
-0.382,-1.6588749999999999,10.24875,0.0
-0.38125,-1.65946875,10.249437499999999,0.0
-0.3805,-1.6600625,10.250124999999999,0.0
-0.37975000000000003,-1.66065625,10.2508125,0.0
-0.379,-1.66125,10.2515,0.0
-0.37825,-1.6618437499999998,10.2521875,0.0
-0.3775,-1.6624375,10.252875,0.0
-0.37675000000000003,-1.66303125,10.2535625,0.0
-0.376,-1.663625,10.254249999999999,0.0
-0.37525,-1.6642187499999999,10.2549375,0.0
-0.3745,-1.6648125,10.255625,0.0
-0.37375,-1.66540625,10.2563125,0.0
-0.373,-1.666,10.257,0.0
-0.37203125,-1.66703125,10.2575,0.0
-0.3710625,-1.6680625,10.258,0.0
-0.37009375,-1.66909375,10.2585,0.0
-0.369125,-1.6701249999999999,10.259,0.0
-0.36815625,-1.67115625,10.2595,0.0
-0.3671875,-1.6721875,10.26,0.0
-0.36621875,-1.67321875,10.2605,0.0
-0.36525,-1.67425,10.261,0.0
-0.36428125,-1.67528125,10.2615,0.0
-0.3633125,-1.6763124999999999,10.262,0.0
-0.36234375,-1.67734375,10.2625,0.0
-0.361375,-1.678375,10.263,0.0
-0.36040625,-1.67940625,10.2635,0.0
-0.3594375,-1.6804375,10.264,0.0
-0.35846875,-1.68146875,10.2645,0.0
-0.35750000000000004,-1.6825,10.265,0.0
-0.35653125,-1.68353125,10.2655,0.0
-0.3555625,-1.6845625,10.266,0.0
-0.35459375000000004,-1.68559375,10.266499999999999,0.0
-0.353625,-1.686625,10.267,0.0
-0.35265625,-1.68765625,10.2675,0.0
-0.35168750000000004,-1.6886875000000001,10.267999999999999,0.0
-0.35071875,-1.68971875,10.2685,0.0
-0.34975,-1.69075,10.269,0.0
-0.34878125000000004,-1.69178125,10.269499999999999,0.0
-0.3478125,-1.6928125,10.27,0.0
-0.34684375,-1.69384375,10.2705,0.0
-0.34587500000000004,-1.6948750000000001,10.270999999999999,0.0
-0.34490625,-1.69590625,10.2715,0.0
-0.3439375,-1.6969375,10.272,0.0
-0.34296875000000004,-1.69796875,10.272499999999999,0.0
-0.342,-1.699,10.273,0.0
-0.34118750000000003,-1.7000000000000002,10.27271875,0.0
-0.34037500000000004,-1.701,10.272437499999999,0.0
-0.33956250000000004,-1.702,10.27215625,0.0
-0.33875,-1.703,10.271875,0.0
-0.3379375,-1.7040000000000002,10.27159375,0.0
-0.337125,-1.705,10.2713125,0.0
-0.3363125,-1.706,10.27103125,0.0
-0.3355,-1.707,10.27075,0.0
-0.3346875,-1.7080000000000002,10.27046875,0.0
-0.33387500000000003,-1.709,10.270187499999999,0.0
-0.33306250000000004,-1.71,10.26990625,0.0
-0.33225000000000005,-1.711,10.269625,0.0
-0.3314375,-1.7120000000000002,10.269343749999999,0.0
-0.330625,-1.713,10.2690625,0.0
-0.3298125,-1.714,10.26878125,0.0
-0.329,-1.715,10.2685,0.0
-0.3281875,-1.7160000000000002,10.268218749999999,0.0
-0.327375,-1.717,10.267937499999999,0.0
-0.32656250000000003,-1.718,10.26765625,0.0
-0.32575,-1.719,10.267375,0.0
-0.3249375,-1.7200000000000002,10.267093749999999,0.0
-0.324125,-1.721,10.2668125,0.0
-0.3233125,-1.722,10.26653125,0.0
-0.3225,-1.723,10.26625,0.0
-0.3216875,-1.7240000000000002,10.265968749999999,0.0
-0.320875,-1.725,10.265687499999999,0.0
-0.3200625,-1.726,10.26540625,0.0
-0.31925000000000003,-1.727,10.265125,0.0
-0.3184375,-1.7280000000000002,10.264843749999999,0.0
-0.317625,-1.729,10.2645625,0.0
-0.3168125,-1.73,10.26428125,0.0
-0.316,-1.731,10.264,0.0
-0.315625,-1.7310625000000002,10.26415625,0.0
-0.31525000000000003,-1.731125,10.264312499999999,0.0
-0.314875,-1.7311875,10.264468749999999,0.0
-0.3145,-1.7312500000000002,10.264624999999999,0.0
-0.314125,-1.7313125,10.264781249999999,0.0
-0.31375,-1.731375,10.2649375,0.0
-0.313375,-1.7314375000000002,10.26509375,0.0
-0.313,-1.7315,10.26525,0.0
-0.312625,-1.7315625000000001,10.26540625,0.0
-0.31225,-1.7316250000000002,10.2655625,0.0
-0.311875,-1.7316875,10.26571875,0.0
-0.3115,-1.7317500000000001,10.265875,0.0
-0.311125,-1.7318125000000002,10.26603125,0.0
-0.31074999999999997,-1.731875,10.2661875,0.0
-0.310375,-1.7319375000000001,10.266343749999999,0.0
-0.31,-1.7320000000000002,10.2665,0.0
-0.309625,-1.7320625,10.26665625,0.0
-0.30925,-1.7321250000000001,10.2668125,0.0
-0.308875,-1.7321875,10.26696875,0.0
-0.3085,-1.73225,10.267125,0.0
-0.308125,-1.7323125000000001,10.26728125,0.0
-0.30774999999999997,-1.732375,10.2674375,0.0
-0.307375,-1.7324375,10.26759375,0.0
-0.307,-1.7325000000000002,10.26775,0.0
-0.306625,-1.7325625,10.26790625,0.0
-0.30625,-1.732625,10.2680625,0.0
-0.305875,-1.7326875000000002,10.26821875,0.0
-0.3055,-1.73275,10.268375,0.0
-0.305125,-1.7328125,10.26853125,0.0
-0.30474999999999997,-1.7328750000000002,10.2686875,0.0
-0.304375,-1.7329375,10.26884375,0.0
-0.304,-1.733,10.269,0.0
-0.302625,-1.7335312500000002,10.26853125,0.0
-0.30125,-1.7340625,10.2680625,0.0
-0.299875,-1.7345937500000002,10.26759375,0.0
-0.2985,-1.735125,10.267125,0.0
-0.297125,-1.7356562500000001,10.26665625,0.0
-0.29575,-1.7361875,10.266187500000001,0.0
-0.294375,-1.73671875,10.26571875,0.0
-0.293,-1.73725,10.26525,0.0
-0.291625,-1.73778125,10.26478125,0.0
-0.29025,-1.7383125000000001,10.264312499999999,0.0
-0.288875,-1.73884375,10.26384375,0.0
-0.2875,-1.7393750000000001,10.263375,0.0
-0.286125,-1.73990625,10.26290625,0.0
-0.28475,-1.7404375,10.2624375,0.0
-0.283375,-1.74096875,10.26196875,0.0
-0.28200000000000003,-1.7415,10.2615,0.0
-0.280625,-1.7420312500000001,10.26103125,0.0
-0.27925,-1.7425625,10.260562499999999,0.0
-0.277875,-1.74309375,10.26009375,0.0
-0.2765,-1.743625,10.259625,0.0
-0.275125,-1.74415625,10.25915625,0.0
-0.27375,-1.7446875,10.2586875,0.0
-0.27237500000000003,-1.74521875,10.25821875,0.0
-0.271,-1.7457500000000001,10.25775,0.0
-0.269625,-1.74628125,10.25728125,0.0
-0.26825,-1.7468125,10.256812499999999,0.0
-0.26687500000000003,-1.74734375,10.25634375,0.0
-0.2655,-1.747875,10.255875,0.0
-0.264125,-1.74840625,10.25540625,0.0
-0.26275000000000004,-1.7489375,10.2549375,0.0
-0.261375,-1.74946875,10.25446875,0.0
-0.26,-1.75,10.254,0.0
-0.25896875,-1.74878125,10.2528125,0.0
-0.2579375,-1.7475625,10.251624999999999,0.0
-0.25690625,-1.74634375,10.2504375,0.0
-0.255875,-1.745125,10.24925,0.0
-0.25484375000000004,-1.74390625,10.2480625,0.0
-0.2538125,-1.7426875,10.246875,0.0
-0.25278125,-1.7414687500000001,10.245687499999999,0.0
-0.25175000000000003,-1.74025,10.244499999999999,0.0
-0.25071875,-1.73903125,10.2433125,0.0
-0.2496875,-1.7378125,10.242125,0.0
-0.24865625000000002,-1.73659375,10.2409375,0.0
-0.247625,-1.7353750000000001,10.239749999999999,0.0
-0.24659375,-1.73415625,10.238562499999999,0.0
-0.24556250000000002,-1.7329375,10.237375,0.0
-0.24453125,-1.73171875,10.2361875,0.0
-0.2435,-1.7305000000000001,10.235,0.0
-0.24246875,-1.72928125,10.233812499999999,0.0
-0.2414375,-1.7280625,10.232624999999999,0.0
-0.24040625000000002,-1.72684375,10.2314375,0.0
-0.239375,-1.725625,10.23025,0.0
-0.23834375000000002,-1.7244062500000001,10.2290625,0.0
-0.2373125,-1.7231875,10.227875,0.0
-0.23628125,-1.72196875,10.226687499999999,0.0
-0.23525000000000001,-1.72075,10.2255,0.0
-0.23421875,-1.71953125,10.2243125,0.0
-0.2331875,-1.7183125000000001,10.223125,0.0
-0.23215625,-1.71709375,10.2219375,0.0
-0.231125,-1.715875,10.220749999999999,0.0
-0.23009375,-1.71465625,10.219562499999999,0.0
-0.2290625,-1.7134375000000002,10.218375,0.0
-0.22803125000000002,-1.7122187500000001,10.2171875,0.0
-0.227,-1.711,10.216,0.0
-0.22684375,-1.7107812500000001,10.2156875,0.0
-0.22668750000000001,-1.7105625,10.215375,0.0
-0.22653125000000002,-1.71034375,10.2150625,0.0
-0.226375,-1.7101250000000001,10.214749999999999,0.0
-0.22621875,-1.70990625,10.214437499999999,0.0
-0.2260625,-1.7096875,10.214125,0.0
-0.22590625,-1.70946875,10.2138125,0.0
-0.22575,-1.70925,10.2135,0.0
-0.22559375,-1.70903125,10.2131875,0.0
-0.2254375,-1.7088125,10.212874999999999,0.0
-0.22528125000000002,-1.7085937500000001,10.212562499999999,0.0
-0.22512500000000002,-1.708375,10.21225,0.0
-0.22496875,-1.70815625,10.2119375,0.0
-0.2248125,-1.7079375,10.211625,0.0
-0.22465625,-1.70771875,10.2113125,0.0
-0.2245,-1.7075,10.210999999999999,0.0
-0.22434375,-1.70728125,10.210687499999999,0.0
-0.2241875,-1.7070625,10.210374999999999,0.0
-0.22403125000000002,-1.70684375,10.2100625,0.0
-0.223875,-1.706625,10.20975,0.0
-0.22371875,-1.70640625,10.2094375,0.0
-0.2235625,-1.7061875,10.209125,0.0
-0.22340625,-1.70596875,10.208812499999999,0.0
-0.22325,-1.70575,10.208499999999999,0.0
-0.22309375,-1.70553125,10.2081875,0.0
-0.2229375,-1.7053125,10.207875,0.0
-0.22278125000000001,-1.70509375,10.2075625,0.0
-0.22262500000000002,-1.704875,10.20725,0.0
-0.22246875,-1.70465625,10.206937499999999,0.0
-0.2223125,-1.7044375,10.206624999999999,0.0
-0.22215625,-1.70421875,10.2063125,0.0
-0.222,-1.704,10.206,0.0
-0.22146875,-1.7028125,10.204374999999999,0.0
-0.2209375,-1.701625,10.20275,0.0
-0.22040625,-1.7004375,10.201125,0.0
-0.219875,-1.69925,10.1995,0.0
-0.21934375,-1.6980625,10.197875,0.0
-0.2188125,-1.696875,10.19625,0.0
-0.21828125,-1.6956875,10.194625,0.0
-0.21775,-1.6945,10.193,0.0
-0.21721875,-1.6933125,10.191374999999999,0.0
-0.2166875,-1.6921249999999999,10.18975,0.0
-0.21615625,-1.6909375,10.188125,0.0
-0.215625,-1.6897499999999999,10.186499999999999,0.0
-0.21509375,-1.6885625,10.184875,0.0
-0.2145625,-1.6873749999999998,10.18325,0.0
-0.21403125,-1.6861875,10.181625,0.0
-0.2135,-1.685,10.18,0.0
-0.21296874999999998,-1.6838125,10.178374999999999,0.0
-0.2124375,-1.682625,10.17675,0.0
-0.21190625,-1.6814375,10.175125,0.0
-0.21137499999999998,-1.68025,10.1735,0.0
-0.21084375,-1.6790625,10.171875,0.0
-0.21031249999999999,-1.677875,10.17025,0.0
-0.20978125,-1.6766874999999999,10.168625,0.0
-0.20925,-1.6755,10.167,0.0
-0.20871874999999998,-1.6743124999999999,10.165375,0.0
-0.2081875,-1.673125,10.16375,0.0
-0.20765625,-1.6719374999999999,10.162125,0.0
-0.207125,-1.67075,10.160499999999999,0.0
-0.20659375,-1.6695624999999998,10.158875,0.0
-0.20606249999999998,-1.668375,10.15725,0.0
-0.20553125,-1.6671874999999998,10.155625,0.0
-0.205,-1.666,10.154,0.0
-0.20471874999999998,-1.665625,10.15159375,0.0
-0.2044375,-1.66525,10.1491875,0.0
-0.20415624999999998,-1.6648749999999999,10.14678125,0.0
-0.203875,-1.6644999999999999,10.144375,0.0
-0.20359375,-1.6641249999999999,10.14196875,0.0
-0.20331249999999998,-1.6637499999999998,10.1395625,0.0
-0.20303125,-1.6633749999999998,10.13715625,0.0
-0.20274999999999999,-1.6629999999999998,10.13475,0.0
-0.20246875,-1.662625,10.13234375,0.0
-0.2021875,-1.66225,10.1299375,0.0
-0.20190624999999998,-1.661875,10.12753125,0.0
-0.201625,-1.6615,10.125125,0.0
-0.20134375,-1.661125,10.12271875,0.0
-0.2010625,-1.66075,10.1203125,0.0
-0.20078125,-1.660375,10.11790625,0.0
-0.2005,-1.66,10.1155,0.0
-0.20021875,-1.659625,10.113093749999999,0.0
-0.1999375,-1.65925,10.1106875,0.0
-0.19965625,-1.6588749999999999,10.10828125,0.0
-0.199375,-1.6584999999999999,10.105875,0.0
-0.19909375,-1.6581249999999998,10.10346875,0.0
-0.1988125,-1.6577499999999998,10.1010625,0.0
-0.19853125,-1.6573749999999998,10.09865625,0.0
-0.19825,-1.657,10.09625,0.0
-0.19796875,-1.656625,10.09384375,0.0
-0.19768750000000002,-1.65625,10.0914375,0.0
-0.19740625,-1.655875,10.08903125,0.0
-0.197125,-1.6555,10.086625,0.0
-0.19684375,-1.655125,10.08421875,0.0
-0.1965625,-1.65475,10.0818125,0.0
-0.19628125000000002,-1.654375,10.07940625,0.0
-0.196,-1.654,10.077,0.0
-0.19540625,-1.6535624999999998,10.07565625,0.0
-0.1948125,-1.653125,10.0743125,0.0
-0.19421875,-1.6526874999999999,10.07296875,0.0
-0.193625,-1.65225,10.071625000000001,0.0
-0.19303125000000002,-1.6518125,10.07028125,0.0
-0.1924375,-1.6513749999999998,10.0689375,0.0
-0.19184375,-1.6509375,10.06759375,0.0
-0.19125,-1.6504999999999999,10.06625,0.0
-0.19065625,-1.6500625,10.06490625,0.0
-0.1900625,-1.649625,10.0635625,0.0
-0.18946875,-1.6491874999999998,10.06221875,0.0
-0.18887500000000002,-1.64875,10.060875,0.0
-0.18828125,-1.6483124999999998,10.059531250000001,0.0
-0.1876875,-1.647875,10.0581875,0.0
-0.18709375,-1.6474374999999999,10.05684375,0.0
-0.1865,-1.6469999999999998,10.0555,0.0
-0.18590625,-1.6465625,10.05415625,0.0
-0.1853125,-1.6461249999999998,10.0528125,0.0
-0.18471875,-1.6456875,10.05146875,0.0
-0.18412499999999998,-1.6452499999999999,10.050125000000001,0.0
-0.18353125,-1.6448125,10.048781250000001,0.0
-0.1829375,-1.644375,10.047437500000001,0.0
-0.18234375,-1.6439374999999998,10.04609375,0.0
-0.18175,-1.6435,10.04475,0.0
-0.18115625,-1.6430624999999999,10.04340625,0.0
-0.1805625,-1.642625,10.0420625,0.0
-0.17996874999999998,-1.6421875,10.04071875,0.0
-0.179375,-1.6417499999999998,10.039375,0.0
-0.17878125,-1.6413125,10.038031250000001,0.0
-0.1781875,-1.6408749999999999,10.036687500000001,0.0
-0.17759375,-1.6404375,10.035343750000001,0.0
-0.177,-1.64,10.034,0.0
-0.17684375,-1.6387812499999999,10.031812500000001,0.0
-0.1766875,-1.6375624999999998,10.029625000000001,0.0
-0.17653125,-1.63634375,10.027437500000001,0.0
-0.176375,-1.635125,10.02525,0.0
-0.17621874999999998,-1.63390625,10.0230625,0.0
-0.17606249999999998,-1.6326874999999998,10.020875,0.0
-0.17590625,-1.63146875,10.0186875,0.0
-0.17575,-1.63025,10.0165,0.0
-0.17559375,-1.62903125,10.0143125,0.0
-0.1754375,-1.6278124999999999,10.012125000000001,0.0
-0.17528125,-1.6265937499999998,10.009937500000001,0.0
-0.17512499999999998,-1.625375,10.007750000000001,0.0
-0.17496874999999998,-1.62415625,10.0055625,0.0
-0.17481249999999998,-1.6229375,10.003375,0.0
-0.17465624999999999,-1.6217187499999999,10.0011875,0.0
-0.1745,-1.6204999999999998,9.999,0.0
-0.17434375,-1.61928125,9.9968125,0.0
-0.1741875,-1.6180625,9.994625000000001,0.0
-0.17403125,-1.61684375,9.992437500000001,0.0
-0.173875,-1.6156249999999999,9.99025,0.0
-0.17371874999999998,-1.61440625,9.9880625,0.0
-0.17356249999999998,-1.6131875,9.985875,0.0
-0.17340624999999998,-1.61196875,9.9836875,0.0
-0.17325,-1.61075,9.9815,0.0
-0.17309375,-1.6095312499999999,9.9793125,0.0
-0.1729375,-1.6083125,9.977125000000001,0.0
-0.17278125,-1.60709375,9.974937500000001,0.0
-0.17262499999999997,-1.605875,9.972750000000001,0.0
-0.17246874999999998,-1.60465625,9.9705625,0.0
-0.17231249999999998,-1.6034375,9.968375,0.0
-0.17215624999999998,-1.60221875,9.9661875,0.0
-0.172,-1.601,9.964,0.0
-0.172,-1.601,9.964,0.0
-0.172,-1.601,9.964,0.0
-0.172,-1.601,9.964,0.0
-0.172,-1.601,9.964,0.0
-0.172,-1.601,9.964,0.0
-0.172,-1.601,9.964,0.0
-0.172,-1.601,9.964,0.0
-0.172,-1.601,9.964,0.0
-0.172,-1.601,9.964,0.0
-0.172,-1.601,9.964,0.0
-0.172,-1.601,9.964,0.0
-0.172,-1.601,9.964,0.0
-0.172,-1.601,9.964,0.0
-0.172,-1.601,9.964,0.0
-0.172,-1.601,9.964,0.0
-0.172,-1.601,9.964,0.0
-0.172,-1.601,9.964,0.0
-0.172,-1.601,9.964,0.0
-0.172,-1.601,9.964,0.0
-0.172,-1.601,9.964,0.0
-0.172,-1.601,9.964,0.0
-0.172,-1.601,9.964,0.0
-0.172,-1.601,9.964,0.0
-0.172,-1.601,9.964,0.0
-0.172,-1.601,9.964,0.0
-0.172,-1.601,9.964,0.0
-0.172,-1.601,9.964,0.0
-0.172,-1.601,9.964,0.0
-0.172,-1.601,9.964,0.0
-0.172,-1.601,9.964,0.0
-0.172,-1.601,9.964,0.0
